0.140881 0.0193313 -0.00287563 0.14223 0
0.141176 0.0191555 -0.00288204 0.142499 30
0.141469 0.0189793 -0.00288844 0.142765 60
0.141758 0.0188027 -0.00289482 0.143029 90
0.142045 0.0186259 -0.0029012 0.14329 120
0.142329 0.0184486 -0.00290757 0.143549 150
0.142611 0.0182711 -0.00291393 0.143806 180
0.14289 0.0180932 -0.00292027 0.14406 210
0.143166 0.017915 -0.00292661 0.144312 240
0.143439 0.0177364 -0.00293294 0.144561 270
0.143709 0.0175575 -0.00293926 0.144808 300
0.143977 0.0173783 -0.00294556 0.145052 330
0.144242 0.0171988 -0.00295186 0.145294 360
0.144504 0.017019 -0.00295814 0.145533 390
0.144764 0.0168389 -0.00296442 0.14577 420
0.145021 0.0166584 -0.00297069 0.146005 450
0.145275 0.0164776 -0.00297694 0.146236 480
0.145526 0.0162966 -0.00298318 0.146466 510
0.145774 0.0161152 -0.00298942 0.146693 540
0.14602 0.0159336 -0.00299564 0.146917 570
0.146263 0.0157516 -0.00300185 0.147139 600
0.146503 0.0155694 -0.00300805 0.147358 630
0.14674 0.0153869 -0.00301424 0.147575 660
0.146974 0.0152041 -0.00302042 0.147789 690
0.147206 0.015021 -0.00302659 0.148001 720
0.147435 0.0148377 -0.00303275 0.14821 750
0.14766 0.014654 -0.0030389 0.148417 780
0.147884 0.0144701 -0.00304503 0.148621 810
0.148104 0.014286 -0.00305115 0.148823 840
0.148321 0.0141016 -0.00305727 0.149022 870
0.148536 0.0139169 -0.00306337 0.149218 900
0.148748 0.0137319 -0.00306946 0.149412 930
0.148957 0.0135468 -0.00307554 0.149603 960
0.149163 0.0133613 -0.0030816 0.149792 990
0.149366 0.0131756 -0.00308766 0.149978 1020
0.149566 0.0129897 -0.0030937 0.150161 1050
0.149764 0.0128035 -0.00309973 0.150342 1080
0.149958 0.0126171 -0.00310575 0.15052 1110
0.15015 0.0124305 -0.00311176 0.150696 1140
0.150339 0.0122436 -0.00311776 0.150869 1170
0.150525 0.0120565 -0.00312374 0.15104 1200
0.150708 0.0118692 -0.00312971 0.151207 1230
0.150889 0.0116817 -0.00313567 0.151373 1260
0.151066 0.011494 -0.00314162 0.151535 1290
0.151241 0.011306 -0.00314756 0.151695 1320
0.151412 0.0111178 -0.00315348 0.151853 1350
0.151581 0.0109295 -0.00315939 0.152007 1380
0.151747 0.0107409 -0.00316529 0.152159 1410
0.15191 0.0105521 -0.00317118 0.152309 1440
0.15207 0.0103631 -0.00317705 0.152455 1470
0.152227 0.010174 -0.00318291 0.1526 1500
0.152381 0.00998463 -0.00318876 0.152741 1530
0.152532 0.0097951 -0.0031946 0.15288 1560
0.152681 0.00960538 -0.00320042 0.153016 1590
0.152826 0.00941549 -0.00320623 0.153149 1620
0.152969 0.00922542 -0.00321203 0.15328 1650
0.153108 0.00903518 -0.00321781 0.153408 1680
0.153245 0.00884478 -0.00322359 0.153534 1710
0.153379 0.00865421 -0.00322934 0.153657 1740
0.15351 0.00846347 -0.00323509 0.153777 1770
0.153637 0.00827258 -0.00324082 0.153894 1800
0.153762 0.00808154 -0.00324654 0.154009 1830
0.153884 0.00789034 -0.00325225 0.154121 1860
0.154004 0.007699 -0.00325794 0.15423 1890
0.15412 0.00750752 -0.00326362 0.154337 1920
0.154233 0.00731589 -0.00326929 0.154441 1950
0.154343 0.00712413 -0.00327494 0.154542 1980
0.15445 0.00693223 -0.00328058 0.154641 2010
0.154555 0.00674021 -0.00328621 0.154737 2040
0.154656 0.00654805 -0.00329182 0.15483 2070
0.154755 0.00635578 -0.00329742 0.15492 2100
0.15485 0.00616338 -0.00330301 0.155008 2130
0.154943 0.00597087 -0.00330858 0.155093 2160
0.155032 0.00577825 -0.00331413 0.155175 2190
0.155119 0.00558552 -0.00331968 0.155255 2220
0.155202 0.00539268 -0.00332521 0.155332 2250
0.155283 0.00519974 -0.00333072 0.155406 2280
0.155361 0.0050067 -0.00333622 0.155477 2310
0.155436 0.00481356 -0.00334171 0.155546 2340
0.155507 0.00462034 -0.00334719 0.155612 2370
0.155576 0.00442702 -0.00335264 0.155675 2400
0.155642 0.00423362 -0.00335809 0.155736 2430
0.155705 0.00404014 -0.00336352 0.155794 2460
0.155765 0.00384659 -0.00336894 0.155849 2490
0.155822 0.00365295 -0.00337434 0.155901 2520
0.155876 0.00345925 -0.00337972 0.155951 2550
0.155926 0.00326548 -0.0033851 0.155997 2580
0.155974 0.00307164 -0.00339045 0.156042 2610
0.156019 0.00287775 -0.0033958 0.156083 2640
0.156061 0.0026838 -0.00340113 0.156122 2670
0.1561 0.00248979 -0.00340644 0.156157 2700
0.156137 0.00229574 -0.00341174 0.156191 2730
0.15617 0.00210164 -0.00341702 0.156221 2760
0.1562 0.00190749 -0.00342229 0.156249 2790
0.156227 0.00171331 -0.00342754 0.156274 2820
0.156251 0.00151909 -0.00343278 0.156296 2850
0.156272 0.00132484 -0.00343801 0.156315 2880
0.15629 0.00113056 -0.00344321 0.156332 2910
0.156305 0.000936255 -0.00344841 0.156346 2940
0.156317 0.000741927 -0.00345359 0.156357 2970
0.156327 0.000547582 -0.00345875 0.156366 3000
0.156333 0.000353222 -0.0034639 0.156372 3030
0.156336 0.00015885 -0.00346903 0.156375 3060
0.156336 -3.5529e-05 -0.00347414 0.156375 3090
0.156333 -0.000229912 -0.00347924 0.156372 3120
0.156328 -0.000424297 -0.00348433 0.156367 3150
0.156319 -0.000618678 -0.0034894 0.156359 3180
0.156307 -0.000813053 -0.00349445 0.156348 3210
0.156292 -0.00100742 -0.00349949 0.156335 3240
0.156275 -0.00120177 -0.00350451 0.156319 3270
0.156254 -0.00139611 -0.00350952 0.1563 3300
0.15623 -0.00159042 -0.00351451 0.156278 3330
0.156204 -0.00178471 -0.00351948 0.156253 3360
0.156174 -0.00197898 -0.00352444 0.156226 3390
0.156141 -0.00217321 -0.00352938 0.156196 3420
0.156106 -0.00236741 -0.00353431 0.156164 3450
0.156067 -0.00256157 -0.00353922 0.156128 3480
0.156025 -0.00275569 -0.00354411 0.15609 3510
0.155981 -0.00294976 -0.00354899 0.156049 3540
0.155933 -0.00314379 -0.00355385 0.156006 3570
0.155883 -0.00333776 -0.00355869 0.155959 3600
0.155829 -0.00353168 -0.00356352 0.15591 3630
0.155773 -0.00372554 -0.00356833 0.155858 3660
0.155713 -0.00391934 -0.00357313 0.155804 3690
0.155651 -0.00411307 -0.00357791 0.155746 3720
0.155585 -0.00430674 -0.00358267 0.155686 3750
0.155517 -0.00450033 -0.00358741 0.155623 3780
0.155446 -0.00469384 -0.00359214 0.155558 3810
0.155371 -0.00488727 -0.00359685 0.15549 3840
0.155294 -0.00508062 -0.00360154 0.155419 3870
0.155214 -0.00527389 -0.00360622 0.155345 3900
0.15513 -0.00546706 -0.00361088 0.155269 3930
0.155044 -0.00566014 -0.00361553 0.155189 3960
0.154955 -0.00585312 -0.00362015 0.155108 3990
0.154863 -0.006046 -0.00362476 0.155023 4020
0.154768 -0.00623878 -0.00362935 0.154936 4050
0.154669 -0.00643145 -0.00363393 0.154846 4080
0.154568 -0.00662401 -0.00363848 0.154753 4110
0.154464 -0.00681645 -0.00364302 0.154658 4140
0.154357 -0.00700878 -0.00364754 0.15456 4170
0.154247 -0.00720098 -0.00365205 0.154459 4200
0.154135 -0.00739306 -0.00365654 0.154355 4230
0.154019 -0.00758501 -0.00366101 0.154249 4260
0.1539 -0.00777683 -0.00366546 0.15414 4290
0.153778 -0.00796851 -0.00366989 0.154028 4320
0.153654 -0.00816005 -0.00367431 0.153914 4350
0.153526 -0.00835146 -0.00367871 0.153797 4380
0.153396 -0.00854271 -0.00368309 0.153677 4410
0.153262 -0.00873382 -0.00368745 0.153555 4440
0.153126 -0.00892477 -0.0036918 0.15343 4470
0.152986 -0.00911557 -0.00369612 0.153302 4500
0.152844 -0.0093062 -0.00370043 0.153172 4530
0.152699 -0.00949668 -0.00370472 0.153039 4560
0.152551 -0.00968699 -0.003709 0.152903 4590
0.1524 -0.00987712 -0.00371325 0.152764 4620
0.152246 -0.0100671 -0.00371749 0.152623 4650
0.152089 -0.0102569 -0.00372171 0.15248 4680
0.151929 -0.0104465 -0.00372591 0.152333 4710
0.151766 -0.0106359 -0.00373009 0.152184 4740
0.151601 -0.0108251 -0.00373425 0.152032 4770
0.151432 -0.0110142 -0.00373839 0.151878 4800
0.151261 -0.011203 -0.00374252 0.151721 4830
0.151086 -0.0113917 -0.00374663 0.151562 4860
0.150909 -0.0115801 -0.00375072 0.151399 4890
0.150729 -0.0117684 -0.00375479 0.151234 4920
0.150546 -0.0119564 -0.00375884 0.151067 4950
0.15036 -0.0121443 -0.00376287 0.150897 4980
0.150171 -0.0123319 -0.00376688 0.150724 5010
0.14998 -0.0125193 -0.00377088 0.150549 5040
0.149785 -0.0127065 -0.00377485 0.150371 5070
0.149588 -0.0128934 -0.00377881 0.15019 5100
0.149388 -0.0130801 -0.00378275 0.150007 5130
0.149184 -0.0132666 -0.00378667 0.149821 5160
0.148978 -0.0134529 -0.00379057 0.149633 5190
0.14877 -0.0136389 -0.00379445 0.149442 5220
0.148558 -0.0138247 -0.00379831 0.149248 5250
0.148343 -0.0140102 -0.00380215 0.149052 5280
0.148126 -0.0141955 -0.00380597 0.148853 5310
0.147906 -0.0143805 -0.00380977 0.148652 5340
0.147683 -0.0145653 -0.00381356 0.148448 5370
0.147457 -0.0147498 -0.00381732 0.148242 5400
0.147228 -0.0149341 -0.00382107 0.148033 5430
0.146996 -0.0151181 -0.00382479 0.147821 5460
0.146762 -0.0153018 -0.0038285 0.147607 5490
0.146525 -0.0154853 -0.00383218 0.147391 5520
0.146285 -0.0156685 -0.00383585 0.147171 5550
0.146042 -0.0158514 -0.0038395 0.14695 5580
0.145796 -0.016034 -0.00384312 0.146726 5610
0.145548 -0.0162163 -0.00384673 0.146499 5640
0.145297 -0.0163984 -0.00385032 0.14627 5670
0.145043 -0.0165801 -0.00385388 0.146038 5700
0.144786 -0.0167616 -0.00385743 0.145804 5730
0.144526 -0.0169428 -0.00386096 0.145567 5760
0.144264 -0.0171236 -0.00386446 0.145328 5790
0.143999 -0.0173042 -0.00386795 0.145086 5820
0.143731 -0.0174844 -0.00387142 0.144842 5850
0.14346 -0.0176644 -0.00387486 0.144595 5880
0.143186 -0.017844 -0.00387829 0.144346 5910
0.14291 -0.0180233 -0.00388169 0.144095 5940
0.142631 -0.0182023 -0.00388508 0.143841 5970
0.14235 -0.018381 -0.00388844 0.143584 6000
0.142065 -0.0185593 -0.00389179 0.143325 6030
0.141778 -0.0187373 -0.00389511 0.143064 6060
0.141488 -0.018915 -0.00389842 0.1428 6090
0.141196 -0.0190923 -0.0039017 0.142534 6120
0.1409 -0.0192693 -0.00390496 0.142265 6150
0.140602 -0.019446 -0.0039082 0.141994 6180
0.140301 -0.0196223 -0.00391142 0.141721 6210
0.139998 -0.0197982 -0.00391462 0.141445 6240
0.139692 -0.0199739 -0.0039178 0.141167 6270
0.139383 -0.0201491 -0.00392096 0.140886 6300
0.139071 -0.020324 -0.0039241 0.140603 6330
0.138757 -0.0204985 -0.00392721 0.140318 6360
0.13844 -0.0206727 -0.00393031 0.140031 6390
0.138121 -0.0208465 -0.00393338 0.139741 6420
0.137799 -0.0210199 -0.00393644 0.139448 6450
0.137474 -0.021193 -0.00393947 0.139153 6480
0.137146 -0.0213656 -0.00394248 0.138856 6510
0.136816 -0.0215379 -0.00394547 0.138557 6540
0.136483 -0.0217098 -0.00394844 0.138256 6570
0.136148 -0.0218813 -0.00395138 0.137952 6600
0.13581 -0.0220525 -0.00395431 0.137645 6630
0.135469 -0.0222232 -0.00395721 0.137337 6660
0.135126 -0.0223935 -0.0039601 0.137026 6690
0.13478 -0.0225635 -0.00396296 0.136713 6720
0.134431 -0.022733 -0.0039658 0.136398 6750
0.13408 -0.0229021 -0.00396862 0.13608 6780
0.133727 -0.0230709 -0.00397141 0.13576 6810
0.13337 -0.0232392 -0.00397419 0.135438 6840
0.133011 -0.0234071 -0.00397694 0.135114 6870
0.13265 -0.0235745 -0.00397967 0.134787 6900
0.132286 -0.0237416 -0.00398238 0.134459 6930
0.13192 -0.0239082 -0.00398507 0.134128 6960
0.13155 -0.0240744 -0.00398774 0.133795 6990
0.131179 -0.0242402 -0.00399038 0.133459 7020
0.130805 -0.0244055 -0.003993 0.133122 7050
0.130428 -0.0245704 -0.0039956 0.132782 7080
0.130049 -0.0247349 -0.00399818 0.13244 7110
0.129667 -0.0248989 -0.00400074 0.132096 7140
0.129283 -0.0250625 -0.00400327 0.13175 7170
0.128896 -0.0252256 -0.00400578 0.131402 7200
0.128507 -0.0253883 -0.00400827 0.131052 7230
0.128115 -0.0255506 -0.00401074 0.130699 7260
0.127721 -0.0257123 -0.00401318 0.130345 7290
0.127324 -0.0258736 -0.00401561 0.129988 7320
0.126925 -0.0260345 -0.00401801 0.12963 7350
0.126523 -0.0261949 -0.00402039 0.129269 7380
0.126119 -0.0263548 -0.00402274 0.128906 7410
0.125713 -0.0265142 -0.00402507 0.128541 7440
0.125304 -0.0266732 -0.00402738 0.128174 7470
0.124892 -0.0268317 -0.00402967 0.127806 7500
0.124478 -0.0269897 -0.00403194 0.127435 7530
0.124062 -0.0271472 -0.00403418 0.127062 7560
0.123644 -0.0273043 -0.0040364 0.126687 7590
0.123223 -0.0274608 -0.0040386 0.12631 7620
0.122799 -0.0276169 -0.00404077 0.125931 7650
0.122373 -0.0277725 -0.00404292 0.12555 7680
0.121945 -0.0279275 -0.00404505 0.125168 7710
0.121515 -0.0280821 -0.00404716 0.124783 7740
0.121082 -0.0282362 -0.00404924 0.124396 7770
0.120646 -0.0283897 -0.0040513 0.124008 7800
0.120209 -0.0285428 -0.00405334 0.123617 7830
0.119769 -0.0286953 -0.00405535 0.123225 7860
0.119326 -0.0288474 -0.00405734 0.122831 7890
0.118882 -0.0289989 -0.00405931 0.122435 7920
0.118435 -0.0291499 -0.00406126 0.122037 7950
0.117986 -0.0293004 -0.00406318 0.121637 7980
0.117534 -0.0294503 -0.00406508 0.121236 8010
0.11708 -0.0295997 -0.00406695 0.120832 8040
0.116624 -0.0297486 -0.0040688 0.120427 8070
0.116166 -0.029897 -0.00407063 0.12002 8100
0.115705 -0.0300448 -0.00407244 0.119612 8130
0.115242 -0.0301921 -0.00407422 0.119201 8160
0.114777 -0.0303389 -0.00407597 0.118789 8190
0.11431 -0.0304851 -0.00407771 0.118375 8220
0.11384 -0.0306307 -0.00407942 0.11796 8250
0.113368 -0.0307758 -0.00408111 0.117542 8280
0.112894 -0.0309204 -0.00408277 0.117123 8310
0.112418 -0.0310644 -0.00408441 0.116702 8340
0.111939 -0.0312078 -0.00408603 0.11628 8370
0.111459 -0.0313507 -0.00408762 0.115856 8400
0.110976 -0.0314931 -0.00408919 0.11543 8430
0.110491 -0.0316348 -0.00409073 0.115003 8460
0.110004 -0.031776 -0.00409226 0.114574 8490
0.109514 -0.0319166 -0.00409375 0.114144 8520
0.109023 -0.0320567 -0.00409523 0.113712 8550
0.108529 -0.0321962 -0.00409668 0.113278 8580
0.108034 -0.0323351 -0.0040981 0.112843 8610
0.107536 -0.0324734 -0.0040995 0.112407 8640
0.107036 -0.0326112 -0.00410088 0.111969 8670
0.106534 -0.0327483 -0.00410224 0.111529 8700
0.10603 -0.0328849 -0.00410356 0.111088 8730
0.105523 -0.0330209 -0.00410487 0.110645 8760
0.105015 -0.0331563 -0.00410615 0.110201 8790
0.104505 -0.0332911 -0.00410741 0.109756 8820
0.103992 -0.0334253 -0.00410864 0.109309 8850
0.103478 -0.0335589 -0.00410985 0.108861 8880
0.102961 -0.0336919 -0.00411103 0.108412 8910
0.102443 -0.0338242 -0.00411219 0.107961 8940
0.101922 -0.033956 -0.00411333 0.107508 8970
0.1014 -0.0340872 -0.00411444 0.107055 9000
0.100875 -0.0342178 -0.00411553 0.1066 9030
0.100349 -0.0343477 -0.00411659 0.106144 9060
0.0998201 -0.0344771 -0.00411762 0.105687 9090
0.0992896 -0.0346058 -0.00411864 0.105228 9120
0.0987571 -0.0347339 -0.00411963 0.104768 9150
0.0982227 -0.0348614 -0.00412059 0.104307 9180
0.0976864 -0.0349882 -0.00412153 0.103845 9210
0.0971481 -0.0351145 -0.00412244 0.103382 9240
0.0966079 -0.0352401 -0.00412333 0.102917 9270
0.0960658 -0.035365 -0.0041242 0.102452 9300
0.0955218 -0.0354894 -0.00412504 0.101985 9330
0.0949759 -0.0356131 -0.00412585 0.101517 9360
0.0944282 -0.0357361 -0.00412664 0.101048 9390
0.0938785 -0.0358585 -0.00412741 0.100579 9420
0.093327 -0.0359803 -0.00412815 0.100108 9450
0.0927736 -0.0361014 -0.00412887 0.0996359 9480
0.0922184 -0.0362219 -0.00412956 0.0991631 9510
0.0916614 -0.0363417 -0.00413022 0.0986894 9540
0.0911026 -0.0364609 -0.00413086 0.0982148 9570
0.0905419 -0.0365794 -0.00413148 0.0977392 9600
0.0899794 -0.0366973 -0.00413207 0.0972629 9630
0.0894152 -0.0368145 -0.00413263 0.0967856 9660
0.0888491 -0.0369311 -0.00413317 0.0963076 9690
0.0882813 -0.0370469 -0.00413369 0.0958288 9720
0.0877118 -0.0371622 -0.00413418 0.0953492 9750
0.0871404 -0.0372767 -0.00413464 0.0948689 9780
0.0865674 -0.0373906 -0.00413508 0.0943879 9810
0.0859926 -0.0375038 -0.0041355 0.0939061 9840
0.0854161 -0.0376164 -0.00413589 0.0934238 9870
0.0848379 -0.0377282 -0.00413625 0.0929408 9900
0.084258 -0.0378394 -0.00413659 0.0924572 9930
0.0836764 -0.0379499 -0.0041369 0.0919731 9960
0.0830931 -0.0380598 -0.00413719 0.0914884 9990
0.0825081 -0.0381689 -0.00413745 0.0910032 10020
0.0819215 -0.0382774 -0.00413768 0.0905175 10050
0.0813333 -0.0383852 -0.0041379 0.0900314 10080
0.0807434 -0.0384922 -0.00413808 0.0895448 10110
0.0801519 -0.0385986 -0.00413824 0.0890579 10140
0.0795588 -0.0387043 -0.00413837 0.0885706 10170
0.0789641 -0.0388093 -0.00413848 0.088083 10200
0.0783678 -0.0389137 -0.00413856 0.0875951 10230
0.0777699 -0.0390173 -0.00413862 0.087107 10260
0.0771704 -0.0391202 -0.00413865 0.0866187 10290
0.0765694 -0.0392224 -0.00413866 0.0861301 10320
0.0759668 -0.0393239 -0.00413864 0.0856415 10350
0.0753627 -0.0394247 -0.00413859 0.0851527 10380
0.0747571 -0.0395248 -0.00413852 0.0846638 10410
0.07415 -0.0396242 -0.00413842 0.0841749 10440
0.0735413 -0.0397229 -0.0041383 0.0836861 10470
0.0729312 -0.0398208 -0.00413815 0.0831972 10500
0.0723196 -0.0399181 -0.00413797 0.0827085 10530
0.0717065 -0.0400146 -0.00413777 0.0822199 10560
0.0710919 -0.0401104 -0.00413754 0.0817314 10590
0.0704759 -0.0402055 -0.00413729 0.0812432 10620
0.0698585 -0.0402999 -0.00413701 0.0807552 10650
0.0692396 -0.0403935 -0.0041367 0.0802675 10680
0.0686193 -0.0404865 -0.00413637 0.0797802 10710
0.0679976 -0.0405786 -0.00413601 0.0792932 10740
0.0673745 -0.0406701 -0.00413563 0.0788067 10770
0.0667501 -0.0407608 -0.00413522 0.0783206 10800
0.0661243 -0.0408509 -0.00413478 0.0778351 10830
0.0654971 -0.0409401 -0.00413432 0.0773502 10860
0.0648685 -0.0410287 -0.00413383 0.0768659 10890
0.0642387 -0.0411165 -0.00413331 0.0763823 10920
0.0636075 -0.0412035 -0.00413277 0.0758994 10950
0.0629749 -0.0412898 -0.0041322 0.0754173 10980
0.0623411 -0.0413754 -0.00413161 0.0749361 11010
0.061706 -0.0414603 -0.00413099 0.0744557 11040
0.0610697 -0.0415444 -0.00413034 0.0739763 11070
0.060432 -0.0416277 -0.00412967 0.0734979 11100
0.0597931 -0.0417103 -0.00412897 0.0730206 11130
0.059153 -0.0417922 -0.00412824 0.0725445 11160
0.0585116 -0.0418733 -0.00412749 0.0720695 11190
0.057869 -0.0419536 -0.00412671 0.0715958 11220
0.0572252 -0.0420332 -0.0041259 0.0711234 11250
0.0565801 -0.042112 -0.00412507 0.0706523 11280
0.055934 -0.0421901 -0.00412421 0.0701828 11310
0.0552866 -0.0422674 -0.00412332 0.0697147 11340
0.0546381 -0.042344 -0.00412241 0.0692483 11370
0.0539884 -0.0424198 -0.00412147 0.0687835 11400
0.0533375 -0.0424949 -0.00412051 0.0683205 11430
0.0526856 -0.0425692 -0.00411951 0.0678592 11460
0.0520325 -0.0426427 -0.00411849 0.0673999 11490
0.0513784 -0.0427154 -0.00411745 0.0669425 11520
0.0507231 -0.0427874 -0.00411638 0.0664871 11550
0.0500668 -0.0428586 -0.00411528 0.0660339 11580
0.0494094 -0.0429291 -0.00411415 0.0655829 11610
0.0487509 -0.0429987 -0.004113 0.0651342 11640
0.0480914 -0.0430677 -0.00411182 0.0646878 11670
0.0474309 -0.0431358 -0.00411061 0.0642439 11700
0.0467693 -0.0432031 -0.00410938 0.0638025 11730
0.0461067 -0.0432697 -0.00410812 0.0633638 11760
0.0454432 -0.0433355 -0.00410683 0.0629279 11790
0.0447786 -0.0434005 -0.00410552 0.0624947 11820
0.0441131 -0.0434648 -0.00410418 0.0620645 11850
0.0434466 -0.0435283 -0.00410281 0.0616372 11880
0.0427792 -0.0435909 -0.00410141 0.0612132 11910
0.0421108 -0.0436528 -0.00409999 0.0607923 11940
0.0414415 -0.043714 -0.00409854 0.0603747 11970
0.0407713 -0.0437743 -0.00409706 0.0599606 12000
0.0401002 -0.0438338 -0.00409556 0.05955 12030
0.0394282 -0.0438926 -0.00409403 0.0591431 12060
0.0387554 -0.0439506 -0.00409247 0.0587399 12090
0.0380817 -0.0440077 -0.00409089 0.0583406 12120
0.0374071 -0.0440641 -0.00408928 0.0579453 12150
0.0367317 -0.0441197 -0.00408764 0.0575541 12180
0.0360554 -0.0441745 -0.00408597 0.0571671 12210
0.0353784 -0.0442285 -0.00408428 0.0567844 12240
0.0347005 -0.0442817 -0.00408256 0.0564063 12270
0.0340219 -0.0443342 -0.00408081 0.0560327 12300
0.0333424 -0.0443858 -0.00407904 0.0556638 12330
0.0326622 -0.0444366 -0.00407724 0.0552997 12360
0.0319813 -0.0444867 -0.00407541 0.0549406 12390
0.0312996 -0.0445359 -0.00407355 0.0545867 12420
0.0306172 -0.0445843 -0.00407167 0.0542379 12450
0.0299341 -0.0446319 -0.00406975 0.0538945 12480
0.0292502 -0.0446788 -0.00406782 0.0535567 12510
0.0285657 -0.0447248 -0.00406585 0.0532244 12540
0.0278805 -0.04477 -0.00406386 0.0528979 12570
0.0271946 -0.0448144 -0.00406184 0.0525774 12600
0.0265081 -0.044858 -0.00405979 0.0522629 12630
0.025821 -0.0449009 -0.00405771 0.0519545 12660
0.0251332 -0.0449429 -0.00405561 0.0516525 12690
0.0244448 -0.044984 -0.00405348 0.051357 12720
0.0237557 -0.0450244 -0.00405132 0.0510681 12750
0.0230661 -0.045064 -0.00404914 0.0507859 12780
0.022376 -0.0451028 -0.00404692 0.0505106 12810
0.0216852 -0.0451407 -0.00404468 0.0502423 12840
0.0209939 -0.0451779 -0.00404242 0.0499812 12870
0.0203021 -0.0452142 -0.00404012 0.0497275 12900
0.0196097 -0.0452497 -0.0040378 0.0494811 12930
0.0189168 -0.0452844 -0.00403545 0.0492424 12960
0.0182234 -0.0453183 -0.00403307 0.0490113 12990
0.0175295 -0.0453514 -0.00403066 0.0487881 13020
0.0168351 -0.0453837 -0.00402823 0.0485729 13050
0.0161403 -0.0454151 -0.00402577 0.0483658 13080
0.015445 -0.0454458 -0.00402328 0.0481669 13110
0.0147493 -0.0454756 -0.00402077 0.0479764 13140
0.0140531 -0.0455046 -0.00401822 0.0477944 13170
0.0133565 -0.0455328 -0.00401565 0.047621 13200
0.0126596 -0.0455601 -0.00401305 0.0474562 13230
0.0119622 -0.0455867 -0.00401043 0.0473003 13260
0.0112645 -0.0456124 -0.00400777 0.0471534 13290
0.0105663 -0.0456373 -0.00400509 0.0470154 13320
0.00986788 -0.0456614 -0.00400238 0.0468866 13350
0.00916907 -0.0456847 -0.00399964 0.0467671 13380
0.00846994 -0.0457071 -0.00399688 0.0466568 13410
0.00777049 -0.0457287 -0.00399408 0.0465559 13440
0.00707074 -0.0457495 -0.00399126 0.0464645 13470
0.0063707 -0.0457695 -0.00398842 0.0463826 13500
0.00567038 -0.0457887 -0.00398554 0.0463103 13530
0.00496979 -0.045807 -0.00398264 0.0462476 13560
0.00426896 -0.0458245 -0.0039797 0.0461947 13590
0.00356789 -0.0458412 -0.00397674 0.0461515 13620
0.00286658 -0.0458571 -0.00397376 0.0461181 13650
0.00216507 -0.0458721 -0.00397074 0.0460945 13680
0.00146335 -0.0458864 -0.0039677 0.0460808 13710
0.000761449 -0.0458998 -0.00396463 0.046077 13740
5.93684e-05 -0.0459123 -0.00396153 0.046083 13770
-0.000642875 -0.0459241 -0.0039584 0.0460988 13800
-0.00134527 -0.045935 -0.00395525 0.0461246 13830
-0.0020478 -0.0459451 -0.00395207 0.0461602 13860
-0.00275046 -0.0459544 -0.00394886 0.0462056 13890
-0.00345323 -0.0459628 -0.00394562 0.0462609 13920
-0.0041561 -0.0459704 -0.00394235 0.046326 13950
-0.00485905 -0.0459772 -0.00393906 0.0464008 13980
-0.00556208 -0.0459832 -0.00393574 0.0464853 14010
-0.00626517 -0.0459883 -0.00393239 0.0465794 14040
-0.00696831 -0.0459926 -0.00392901 0.0466831 14070
-0.00767149 -0.0459961 -0.00392561 0.0467964 14100
-0.00837469 -0.0459988 -0.00392217 0.0469191 14130
-0.0090779 -0.0460006 -0.00391871 0.0470513 14160
-0.00978111 -0.0460016 -0.00391522 0.0471927 14190
-0.0104843 -0.0460018 -0.00391171 0.0473433 14220
-0.0111875 -0.0460012 -0.00390816 0.047503 14250
-0.0118906 -0.0459997 -0.00390459 0.0476718 14280
-0.0125937 -0.0459974 -0.00390099 0.0478495 14310
-0.0132967 -0.0459943 -0.00389736 0.0480361 14340
-0.0139996 -0.0459903 -0.0038937 0.0482313 14370
-0.0147024 -0.0459855 -0.00389002 0.0484351 14400
-0.0154052 -0.0459799 -0.0038863 0.0486475 14430
-0.0161078 -0.0459735 -0.00388256 0.0488682 14460
-0.0168103 -0.0459662 -0.00387879 0.0490971 14490
-0.0175126 -0.0459582 -0.003875 0.0493342 14520
-0.0182148 -0.0459492 -0.00387117 0.0495792 14550
-0.0189169 -0.0459395 -0.00386732 0.0498321 14580
-0.0196187 -0.045929 -0.00386344 0.0500928 14610
-0.0203204 -0.0459176 -0.00385953 0.0503611 14640
-0.0210218 -0.0459054 -0.00385559 0.0506368 14670
-0.021723 -0.0458923 -0.00385163 0.0509199 14700
-0.022424 -0.0458785 -0.00384763 0.0512101 14730
-0.0231248 -0.0458638 -0.00384361 0.0515074 14760
-0.0238253 -0.0458483 -0.00383956 0.0518117 14790
-0.0245255 -0.0458319 -0.00383549 0.0521227 14820
-0.0252255 -0.0458148 -0.00383138 0.0524404 14850
-0.0259252 -0.0457968 -0.00382725 0.0527647 14880
-0.0266245 -0.045778 -0.00382309 0.0530953 14910
-0.0273235 -0.0457584 -0.0038189 0.0534321 14940
-0.0280222 -0.0457379 -0.00381468 0.0537751 14970
-0.0287206 -0.0457167 -0.00381043 0.054124 15000
-0.0294186 -0.0456946 -0.00380616 0.0544788 15030
-0.0301162 -0.0456717 -0.00380186 0.0548393 15060
-0.0308135 -0.045648 -0.00379753 0.0552053 15090
-0.0315103 -0.0456234 -0.00379317 0.0555768 15120
-0.0322068 -0.045598 -0.00378879 0.0559537 15150
-0.0329028 -0.0455718 -0.00378437 0.0563357 15180
-0.0335984 -0.0455448 -0.00377993 0.0567228 15210
-0.0342936 -0.045517 -0.00377546 0.0571148 15240
-0.0349883 -0.0454884 -0.00377096 0.0575117 15270
-0.0356825 -0.0454589 -0.00376644 0.0579132 15300
-0.0363762 -0.0454286 -0.00376188 0.0583193 15330
-0.0370695 -0.0453975 -0.0037573 0.0587299 15360
-0.0377622 -0.0453656 -0.00375269 0.0591448 15390
-0.0384545 -0.0453329 -0.00374805 0.059564 15420
-0.0391461 -0.0452994 -0.00374339 0.0599872 15450
-0.0398373 -0.045265 -0.00373869 0.0604145 15480
-0.0405279 -0.0452298 -0.00373397 0.0608456 15510
-0.0412179 -0.0451939 -0.00372922 0.0612806 15540
-0.0419073 -0.0451571 -0.00372444 0.0617192 15570
-0.0425962 -0.0451195 -0.00371963 0.0621614 15600
-0.0432844 -0.0450811 -0.0037148 0.062607 15630
-0.043972 -0.0450418 -0.00370994 0.0630561 15660
-0.044659 -0.0450018 -0.00370505 0.0635084 15690
-0.0453453 -0.044961 -0.00370013 0.0639639 15720
-0.046031 -0.0449193 -0.00369518 0.0644225 15750
-0.046716 -0.0448769 -0.00369021 0.064884 15780
-0.0474004 -0.0448336 -0.0036852 0.0653485 15810
-0.048084 -0.0447895 -0.00368017 0.0658158 15840
-0.0487669 -0.0447447 -0.00367512 0.0662858 15870
-0.0494492 -0.044699 -0.00367003 0.0667584 15900
-0.0501306 -0.0446525 -0.00366491 0.0672336 15930
-0.0508114 -0.0446052 -0.00365977 0.0677113 15960
-0.0514914 -0.0445571 -0.0036546 0.0681913 15990
-0.0521706 -0.0445083 -0.0036494 0.0686737 16020
-0.052849 -0.0444586 -0.00364418 0.0691583 16050
-0.0535267 -0.0444081 -0.00363892 0.069645 16080
-0.0542035 -0.0443568 -0.00363364 0.0701338 16110
-0.0548795 -0.0443047 -0.00362833 0.0706246 16140
-0.0555547 -0.0442519 -0.00362299 0.0711174 16170
-0.0562291 -0.0441982 -0.00361762 0.071612 16200
-0.0569026 -0.0441437 -0.00361223 0.0721084 16230
-0.0575752 -0.0440885 -0.00360681 0.0726066 16260
-0.058247 -0.0440324 -0.00360135 0.0731064 16290
-0.0589179 -0.0439756 -0.00359588 0.0736077 16320
-0.0595878 -0.043918 -0.00359037 0.0741107 16350
-0.0602569 -0.0438596 -0.00358484 0.0746151 16380
-0.060925 -0.0438004 -0.00357927 0.0751209 16410
-0.0615922 -0.0437404 -0.00357368 0.075628 16440
-0.0622585 -0.0436796 -0.00356807 0.0761364 16470
-0.0629238 -0.043618 -0.00356242 0.0766461 16500
-0.0635881 -0.0435557 -0.00355675 0.0771569 16530
-0.0642514 -0.0434926 -0.00355104 0.0776689 16560
-0.0649137 -0.0434286 -0.00354532 0.0781819 16590
-0.0655751 -0.043364 -0.00353956 0.0786959 16620
-0.0662354 -0.0432985 -0.00353377 0.0792109 16650
-0.0668946 -0.0432322 -0.00352796 0.0797268 16680
-0.0675529 -0.0431652 -0.00352212 0.0802436 16710
-0.06821 -0.0430974 -0.00351625 0.0807611 16740
-0.0688661 -0.0430289 -0.00351035 0.0812794 16770
-0.0695211 -0.0429595 -0.00350443 0.0817985 16800
-0.0701751 -0.0428894 -0.00349848 0.0823182 16830
-0.0708279 -0.0428185 -0.0034925 0.0828385 16860
-0.0714796 -0.0427469 -0.00348649 0.0833594 16890
-0.0721302 -0.0426744 -0.00348045 0.0838808 16920
-0.0727796 -0.0426012 -0.00347439 0.0844027 16950
-0.0734279 -0.0425273 -0.0034683 0.084925 16980
-0.074075 -0.0424526 -0.00346218 0.0854477 17010
-0.074721 -0.0423771 -0.00345603 0.0859708 17040
-0.0753658 -0.0423008 -0.00344986 0.0864943 17070
-0.0760093 -0.0422238 -0.00344366 0.087018 17100
-0.0766517 -0.0421461 -0.00343743 0.0875419 17130
-0.0772928 -0.0420675 -0.00343117 0.0880661 17160
-0.0779327 -0.0419883 -0.00342489 0.0885904 17190
-0.0785714 -0.0419082 -0.00341857 0.0891148 17220
-0.0792088 -0.0418275 -0.00341223 0.0896394 17250
-0.079845 -0.0417459 -0.00340587 0.090164 17280
-0.0804798 -0.0416636 -0.00339947 0.0906886 17310
-0.0811134 -0.0415806 -0.00339305 0.0912132 17340
-0.0817457 -0.0414968 -0.0033866 0.0917377 17370
-0.0823766 -0.0414123 -0.00338012 0.0922622 17400
-0.0830063 -0.041327 -0.00337361 0.0927866 17430
-0.0836346 -0.041241 -0.00336708 0.0933108 17460
-0.0842616 -0.0411543 -0.00336052 0.0938349 17490
-0.0848872 -0.0410668 -0.00335393 0.0943587 17520
-0.0855114 -0.0409786 -0.00334731 0.0948823 17550
-0.0861343 -0.0408896 -0.00334067 0.0954056 17580
-0.0867557 -0.0407999 -0.003334 0.0959286 17610
-0.0873758 -0.0407095 -0.0033273 0.0964513 17640
-0.0879944 -0.0406183 -0.00332057 0.0969737 17670
-0.0886117 -0.0405264 -0.00331382 0.0974956 17700
-0.0892275 -0.0404338 -0.00330704 0.0980172 17730
-0.0898418 -0.0403405 -0.00330023 0.0985383 17760
-0.0904547 -0.0402464 -0.00329339 0.0990589 17790
-0.0910661 -0.0401516 -0.00328653 0.0995791 17820
-0.0916761 -0.0400561 -0.00327964 0.100099 17850
-0.0922845 -0.0399599 -0.00327272 0.100618 17880
-0.0928915 -0.0398629 -0.00326578 0.101136 17910
-0.0934969 -0.0397652 -0.00325881 0.101654 17940
-0.0941008 -0.0396669 -0.00325181 0.102171 17970
-0.0947032 -0.0395678 -0.00324478 0.102688 18000
-0.095304 -0.039468 -0.00323772 0.103204 18030
-0.0959033 -0.0393675 -0.00323064 0.103719 18060
-0.096501 -0.0392662 -0.00322353 0.104234 18090
-0.0970972 -0.0391643 -0.0032164 0.104748 18120
-0.0976917 -0.0390617 -0.00320923 0.105261 18150
-0.0982847 -0.0389584 -0.00320204 0.105773 18180
-0.098876 -0.0388543 -0.00319482 0.106284 18210
-0.0994657 -0.0387496 -0.00318758 0.106795 18240
-0.100054 -0.0386442 -0.00318031 0.107304 18270
-0.10064 -0.0385381 -0.00317301 0.107813 18300
-0.101225 -0.0384312 -0.00316568 0.108321 18330
-0.101808 -0.0383237 -0.00315833 0.108828 18360
-0.10239 -0.0382156 -0.00315095 0.109334 18390
-0.102969 -0.0381067 -0.00314354 0.109839 18420
-0.103548 -0.0379971 -0.00313611 0.110344 18450
-0.104124 -0.0378869 -0.00312864 0.110847 18480
-0.104699 -0.037776 -0.00312116 0.111349 18510
-0.105272 -0.0376644 -0.00311364 0.11185 18540
-0.105843 -0.0375521 -0.0031061 0.11235 18570
-0.106412 -0.0374391 -0.00309853 0.112849 18600
-0.10698 -0.0373255 -0.00309093 0.113347 18630
-0.107546 -0.0372112 -0.00308331 0.113843 18660
-0.10811 -0.0370963 -0.00307566 0.114339 18690
-0.108673 -0.0369806 -0.00306798 0.114833 18720
-0.109233 -0.0368644 -0.00306028 0.115327 18750
-0.109792 -0.0367474 -0.00305255 0.115819 18780
-0.110349 -0.0366298 -0.00304479 0.116309 18810
-0.110904 -0.0365115 -0.00303701 0.116799 18840
-0.111457 -0.0363926 -0.0030292 0.117287 18870
-0.112009 -0.036273 -0.00302136 0.117775 18900
-0.112558 -0.0361528 -0.00301349 0.11826 18930
-0.113106 -0.0360319 -0.0030056 0.118745 18960
-0.113652 -0.0359104 -0.00299769 0.119228 18990
-0.114196 -0.0357882 -0.00298974 0.11971 19020
-0.114738 -0.0356654 -0.00298177 0.120191 19050
-0.115278 -0.035542 -0.00297377 0.12067 19080
-0.115817 -0.0354179 -0.00296575 0.121148 19110
-0.116353 -0.0352931 -0.0029577 0.121624 19140
-0.116887 -0.0351678 -0.00294962 0.122099 19170
-0.11742 -0.0350418 -0.00294152 0.122573 19200
-0.11795 -0.0349152 -0.00293339 0.123045 19230
-0.118479 -0.0347879 -0.00292523 0.123515 19260
-0.119006 -0.03466 -0.00291705 0.123985 19290
-0.11953 -0.0345315 -0.00290884 0.124452 19320
-0.120053 -0.0344024 -0.0029006 0.124919 19350
-0.120574 -0.0342727 -0.00289234 0.125383 19380
-0.121092 -0.0341424 -0.00288405 0.125846 19410
-0.121609 -0.0340114 -0.00287574 0.126308 19440
-0.122123 -0.0338798 -0.0028674 0.126768 19470
-0.122636 -0.0337476 -0.00285903 0.127227 19500
-0.123146 -0.0336149 -0.00285064 0.127684 19530
-0.123655 -0.0334815 -0.00284222 0.128139 19560
-0.124161 -0.0333475 -0.00283377 0.128593 19590
-0.124666 -0.0332129 -0.0028253 0.129045 19620
-0.125168 -0.0330777 -0.0028168 0.129495 19650
-0.125668 -0.0329419 -0.00280828 0.129944 19680
-0.126166 -0.0328056 -0.00279973 0.130391 19710
-0.126662 -0.0326686 -0.00279115 0.130837 19740
-0.127156 -0.0325311 -0.00278255 0.131281 19770
-0.127647 -0.0323929 -0.00277392 0.131723 19800
-0.128137 -0.0322542 -0.00276527 0.132163 19830
-0.128624 -0.0321149 -0.00275659 0.132602 19860
-0.12911 -0.0319751 -0.00274788 0.133039 19890
-0.129593 -0.0318346 -0.00273915 0.133474 19920
-0.130074 -0.0316936 -0.00273039 0.133907 19950
-0.130552 -0.031552 -0.00272161 0.134339 19980
-0.131029 -0.0314099 -0.0027128 0.134768 20010
-0.131503 -0.0312672 -0.00270396 0.135196 20040
-0.131976 -0.0311239 -0.0026951 0.135623 20070
-0.132445 -0.0309801 -0.00268622 0.136047 20100
-0.132913 -0.0308357 -0.0026773 0.13647 20130
-0.133379 -0.0306907 -0.00266837 0.13689 20160
-0.133842 -0.0305453 -0.0026594 0.137309 20190
-0.134303 -0.0303992 -0.00265041 0.137726 20220
-0.134762 -0.0302526 -0.0026414 0.138141 20250
-0.135218 -0.0301055 -0.00263236 0.138554 20280
-0.135673 -0.0299578 -0.00262329 0.138965 20310
-0.136124 -0.0298096 -0.0026142 0.139375 20340
-0.136574 -0.0296609 -0.00260509 0.139782 20370
-0.137022 -0.0295116 -0.00259594 0.140188 20400
-0.137467 -0.0293618 -0.00258678 0.140591 20430
-0.137909 -0.0292115 -0.00257758 0.140993 20460
-0.13835 -0.0290606 -0.00256837 0.141392 20490
-0.138788 -0.0289093 -0.00255912 0.14179 20520
-0.139224 -0.0287574 -0.00254985 0.142186 20550
-0.139657 -0.028605 -0.00254056 0.142579 20580
-0.140088 -0.028452 -0.00253124 0.142971 20610
-0.140517 -0.0282986 -0.0025219 0.14336 20640
-0.140943 -0.0281447 -0.00251253 0.143748 20670
-0.141368 -0.0279902 -0.00250313 0.144134 20700
-0.141789 -0.0278353 -0.00249371 0.144517 20730
-0.142208 -0.0276798 -0.00248427 0.144898 20760
-0.142625 -0.0275239 -0.0024748 0.145278 20790
-0.14304 -0.0273674 -0.00246531 0.145655 20820
-0.143452 -0.0272105 -0.00245579 0.14603 20850
-0.143861 -0.0270531 -0.00244624 0.146403 20880
-0.144269 -0.0268952 -0.00243667 0.146774 20910
-0.144673 -0.0267368 -0.00242708 0.147143 20940
-0.145076 -0.0265779 -0.00241746 0.14751 20970
-0.145476 -0.0264186 -0.00240782 0.147875 21000
-0.145873 -0.0262588 -0.00239815 0.148237 21030
-0.146268 -0.0260985 -0.00238846 0.148597 21060
-0.14666 -0.0259377 -0.00237874 0.148955 21090
-0.147051 -0.0257765 -0.002369 0.149311 21120
-0.147438 -0.0256148 -0.00235923 0.149665 21150
-0.147823 -0.0254527 -0.00234944 0.150017 21180
-0.148206 -0.0252901 -0.00233963 0.150366 21210
-0.148586 -0.025127 -0.00232979 0.150713 21240
-0.148963 -0.0249635 -0.00231992 0.151058 21270
-0.149338 -0.0247996 -0.00231003 0.151401 21300
-0.149711 -0.0246352 -0.00230012 0.151742 21330
-0.150081 -0.0244704 -0.00229018 0.15208 21360
-0.150448 -0.0243051 -0.00228022 0.152416 21390
-0.150813 -0.0241394 -0.00227023 0.15275 21420
-0.151176 -0.0239732 -0.00226022 0.153081 21450
-0.151536 -0.0238066 -0.00225019 0.153411 21480
-0.151893 -0.0236396 -0.00224013 0.153738 21510
-0.152248 -0.0234722 -0.00223005 0.154062 21540
-0.1526 -0.0233044 -0.00221994 0.154385 21570
-0.152949 -0.0231361 -0.00220981 0.154705 21600
-0.153296 -0.0229674 -0.00219965 0.155023 21630
-0.153641 -0.0227983 -0.00218947 0.155338 21660
-0.153982 -0.0226288 -0.00217927 0.155652 21690
-0.154322 -0.0224589 -0.00216904 0.155962 21720
-0.154658 -0.0222886 -0.00215879 0.156271 21750
-0.154992 -0.0221179 -0.00214852 0.156577 21780
-0.155323 -0.0219468 -0.00213822 0.156881 21810
-0.155652 -0.0217753 -0.0021279 0.157182 21840
-0.155978 -0.0216034 -0.00211755 0.157481 21870
-0.156302 -0.0214311 -0.00210718 0.157778 21900
-0.156622 -0.0212584 -0.00209679 0.158073 21930
-0.156941 -0.0210854 -0.00208637 0.158364 21960
-0.157256 -0.020912 -0.00207593 0.158654 21990
-0.157569 -0.0207382 -0.00206547 0.158941 22020
-0.157879 -0.020564 -0.00205498 0.159226 22050
-0.158187 -0.0203895 -0.00204447 0.159508 22080
-0.158491 -0.0202146 -0.00203394 0.159788 22110
-0.158794 -0.0200393 -0.00202338 0.160066 22140
-0.159093 -0.0198637 -0.0020128 0.160341 22170
-0.15939 -0.0196877 -0.0020022 0.160613 22200
-0.159684 -0.0195114 -0.00199157 0.160884 22230
-0.159975 -0.0193347 -0.00198092 0.161151 22260
-0.160264 -0.0191576 -0.00197025 0.161417 22290
-0.16055 -0.0189803 -0.00195955 0.16168 22320
-0.160833 -0.0188025 -0.00194883 0.16194 22350
-0.161113 -0.0186245 -0.00193809 0.162198 22380
-0.161391 -0.0184461 -0.00192732 0.162453 22410
-0.161666 -0.0182674 -0.00191654 0.162706 22440
-0.161938 -0.0180883 -0.00190573 0.162957 22470
-0.162208 -0.017909 -0.00189489 0.163205 22500
-0.162475 -0.0177293 -0.00188403 0.16345 22530
-0.162739 -0.0175493 -0.00187316 0.163693 22560
-0.163 -0.0173689 -0.00186225 0.163933 22590
-0.163259 -0.0171883 -0.00185133 0.164171 22620
-0.163514 -0.0170074 -0.00184038 0.164407 22650
-0.163767 -0.0168261 -0.00182941 0.16464 22680
-0.164017 -0.0166446 -0.00181842 0.16487 22710
-0.164265 -0.0164627 -0.0018074 0.165098 22740
-0.164509 -0.0162806 -0.00179637 0.165323 22770
-0.164751 -0.0160981 -0.00178531 0.165546 22800
-0.16499 -0.0159154 -0.00177422 0.165766 22830
-0.165227 -0.0157324 -0.00176312 0.165983 22860
-0.16546 -0.0155491 -0.00175199 0.166198 22890
-0.165691 -0.0153655 -0.00174084 0.166411 22920
-0.165919 -0.0151817 -0.00172967 0.166621 22950
-0.166144 -0.0149976 -0.00171848 0.166828 22980
-0.166366 -0.0148132 -0.00170726 0.167033 23010
-0.166585 -0.0146285 -0.00169603 0.167235 23040
-0.166802 -0.0144436 -0.00168477 0.167434 23070
-0.167015 -0.0142585 -0.00167348 0.167631 23100
-0.167226 -0.014073 -0.00166218 0.167826 23130
-0.167434 -0.0138873 -0.00165086 0.168017 23160
-0.16764 -0.0137014 -0.00163951 0.168207 23190
-0.167842 -0.0135152 -0.00162814 0.168393 23220
-0.168042 -0.0133288 -0.00161675 0.168577 23250
-0.168238 -0.0131422 -0.00160534 0.168758 23280
-0.168432 -0.0129553 -0.0015939 0.168937 23310
-0.168623 -0.0127682 -0.00158245 0.169113 23340
-0.168811 -0.0125808 -0.00157097 0.169287 23370
-0.168996 -0.0123932 -0.00155947 0.169457 23400
-0.169179 -0.0122054 -0.00154795 0.169626 23430
-0.169358 -0.0120174 -0.00153641 0.169791 23460
-0.169535 -0.0118292 -0.00152485 0.169954 23490
-0.169709 -0.0116407 -0.00151326 0.170114 23520
-0.16988 -0.0114521 -0.00150166 0.170272 23550
-0.170048 -0.0112632 -0.00149003 0.170427 23580
-0.170213 -0.0110741 -0.00147839 0.170579 23610
-0.170375 -0.0108849 -0.00146672 0.170729 23640
-0.170534 -0.0106954 -0.00145503 0.170876 23670
-0.170691 -0.0105058 -0.00144332 0.17102 23700
-0.170844 -0.0103159 -0.00143159 0.171161 23730
-0.170995 -0.0101259 -0.00141983 0.1713 23760
-0.171143 -0.00993572 -0.00140806 0.171437 23790
-0.171287 -0.00974534 -0.00139627 0.17157 23820
-0.171429 -0.00955478 -0.00138445 0.171701 23850
-0.171568 -0.00936406 -0.00137261 0.171829 23880
-0.171705 -0.00917316 -0.00136076 0.171955 23910
-0.171838 -0.0089821 -0.00134888 0.172078 23940
-0.171968 -0.00879089 -0.00133698 0.172198 23970
-0.172095 -0.00859951 -0.00132507 0.172315 24000
-0.17222 -0.00840798 -0.00131313 0.17243 24030
-0.172341 -0.0082163 -0.00130117 0.172542 24060
-0.17246 -0.00802447 -0.00128919 0.172651 24090
-0.172576 -0.0078325 -0.00127719 0.172758 24120
-0.172688 -0.00764039 -0.00126517 0.172862 24150
-0.172798 -0.00744814 -0.00125313 0.172963 24180
-0.172905 -0.00725575 -0.00124107 0.173062 24210
-0.173009 -0.00706324 -0.00122899 0.173157 24240
-0.17311 -0.0068706 -0.00121689 0.173251 24270
-0.173208 -0.00667784 -0.00120477 0.173341 24300
-0.173303 -0.00648496 -0.00119263 0.173429 24330
-0.173395 -0.00629196 -0.00118047 0.173514 24360
-0.173485 -0.00609885 -0.00116829 0.173596 24390
-0.173571 -0.00590563 -0.00115609 0.173675 24420
-0.173654 -0.00571231 -0.00114387 0.173752 24450
-0.173735 -0.00551888 -0.00113163 0.173826 24480
-0.173812 -0.00532535 -0.00111937 0.173897 24510
-0.173887 -0.00513173 -0.0011071 0.173966 24540
-0.173958 -0.00493802 -0.0010948 0.174032 24570
-0.174027 -0.00474421 -0.00108248 0.174095 24600
-0.174093 -0.00455033 -0.00107014 0.174155 24630
-0.174155 -0.00435636 -0.00105779 0.174213 24660
-0.174215 -0.00416231 -0.00104541 0.174268 24690
-0.174272 -0.00396819 -0.00103302 0.17432 24720
-0.174326 -0.003774 -0.0010206 0.174369 24750
-0.174377 -0.00357974 -0.00100817 0.174416 24780
-0.174424 -0.00338542 -0.000995719 0.17446 24810
-0.174469 -0.00319103 -0.000983248 0.174501 24840
-0.174511 -0.00299659 -0.000970758 0.17454 24870
-0.17455 -0.0028021 -0.000958249 0.174576 24900
-0.174587 -0.00260755 -0.000945722 0.174609 24930
-0.17462 -0.00241296 -0.000933175 0.174639 24960
-0.17465 -0.00221832 -0.00092061 0.174666 24990
-0.174677 -0.00202365 -0.000908026 0.174691 25020
-0.174701 -0.00182894 -0.000895423 0.174713 25050
-0.174722 -0.0016342 -0.000882802 0.174732 25080
-0.174741 -0.00143942 -0.000870162 0.174749 25110
-0.174756 -0.00124463 -0.000857504 0.174763 25140
-0.174768 -0.00104981 -0.000844827 0.174774 25170
-0.174778 -0.000854967 -0.000832132 0.174782 25200
-0.174784 -0.000660113 -0.000819419 0.174788 25230
-0.174788 -0.000465247 -0.000806687 0.17479 25260
-0.174788 -0.000270373 -0.000793938 0.17479 25290
-0.174786 -7.54943e-05 -0.00078117 0.174788 25320
-0.174781 0.000119386 -0.000768384 0.174782 25350
-0.174772 0.000314264 -0.00075558 0.174774 25380
-0.174761 0.000509136 -0.000742758 0.174763 25410
-0.174747 0.000703999 -0.000729918 0.174749 25440
-0.174729 0.000898849 -0.00071706 0.174733 25470
-0.174709 0.00109368 -0.000704185 0.174714 25500
-0.174686 0.0012885 -0.000691291 0.174692 25530
-0.17466 0.00148329 -0.00067838 0.174667 25560
-0.174631 0.00167805 -0.000665452 0.17464 25590
-0.174599 0.00187279 -0.000652506 0.17461 25620
-0.174563 0.00206749 -0.000639542 0.174577 25650
-0.174526 0.00226215 -0.000626561 0.174541 25680
-0.174485 0.00245678 -0.000613563 0.174503 25710
-0.174441 0.00265135 -0.000600547 0.174462 25740
-0.174394 0.00284589 -0.000587514 0.174418 25770
-0.174344 0.00304037 -0.000574464 0.174371 25800
-0.174291 0.00323479 -0.000561396 0.174322 25830
-0.174236 0.00342916 -0.000548312 0.17427 25860
-0.174177 0.00362347 -0.000535211 0.174215 25890
-0.174115 0.00381771 -0.000522092 0.174158 25920
-0.174051 0.00401188 -0.000508957 0.174098 25950
-0.173983 0.00420598 -0.000495805 0.174035 25980
-0.173913 0.00440001 -0.000482636 0.173969 26010
-0.173839 0.00459395 -0.00046945 0.173901 26040
-0.173763 0.00478782 -0.000456248 0.173829 26070
-0.173684 0.00498159 -0.000443029 0.173756 26100
-0.173601 0.00517528 -0.000429793 0.173679 26130
-0.173516 0.00536888 -0.000416541 0.1736 26160
-0.173428 0.00556238 -0.000403273 0.173518 26190
-0.173337 0.00575578 -0.000389988 0.173433 26220
-0.173243 0.00594908 -0.000376687 0.173346 26250
-0.173146 0.00614227 -0.00036337 0.173255 26280
-0.173046 0.00633535 -0.000350036 0.173163 26310
-0.172943 0.00652831 -0.000336687 0.173067 26340
-0.172838 0.00672116 -0.000323321 0.172969 26370
-0.172729 0.00691389 -0.00030994 0.172868 26400
-0.172618 0.0071065 -0.000296542 0.172764 26430
-0.172503 0.00729898 -0.000283129 0.172658 26460
-0.172386 0.00749132 -0.000269699 0.172549 26490
-0.172265 0.00768354 -0.000256255 0.172437 26520
-0.172142 0.00787561 -0.000242794 0.172322 26550
-0.172016 0.00806755 -0.000229318 0.172205 26580
-0.171887 0.00825934 -0.000215826 0.172085 26610
-0.171755 0.00845098 -0.000202319 0.171963 26640
-0.17162 0.00864247 -0.000188796 0.171838 26670
-0.171482 0.0088338 -0.000175258 0.17171 26700
-0.171342 0.00902498 -0.000161704 0.171579 26730
-0.171198 0.009216 -0.000148136 0.171446 26760
-0.171052 0.00940685 -0.000134552 0.17131 26790
-0.170902 0.00959753 -0.000120953 0.171172 26820
-0.17075 0.00978804 -0.000107339 0.171031 26850
-0.170595 0.00997838 -9.37104e-05 0.170887 26880
-0.170437 0.0101685 -8.00666e-05 0.17074 26910
-0.170276 0.0103585 -6.64079e-05 0.170591 26940
-0.170112 0.0105483 -5.27345e-05 0.170439 26970
-0.169946 0.0107379 -3.90463e-05 0.170285 27000
-0.169776 0.0109273 -2.53434e-05 0.170128 27030
-0.169604 0.0111165 -1.1626e-05 0.169968 27060
-0.169429 0.0113055 2.10593e-06 0.169806 27090
-0.169251 0.0114943 1.58523e-05 0.169641 27120
-0.16907 0.0116829 2.96132e-05 0.169473 27150
-0.168886 0.0118713 4.33883e-05 0.169303 27180
-0.168699 0.0120595 5.71777e-05 0.16913 27210
-0.16851 0.0122475 7.09813e-05 0.168954 27240
-0.168317 0.0124352 8.47991e-05 0.168776 27270
-0.168122 0.0126228 9.86309e-05 0.168595 27300
-0.167924 0.01281 0.000112477 0.168412 27330
-0.167723 0.0129971 0.000126336 0.168226 27360
-0.16752 0.013184 0.00014021 0.168038 27390
-0.167313 0.0133706 0.000154097 0.167847 27420
-0.167104 0.0135569 0.000167999 0.167653 27450
-0.166892 0.013743 0.000181913 0.167457 27480
-0.166677 0.0139289 0.000195842 0.167258 27510
-0.166459 0.0141145 0.000209784 0.167056 27540
-0.166238 0.0142999 0.000223739 0.166852 27570
-0.166015 0.014485 0.000237708 0.166646 27600
-0.165789 0.0146699 0.00025169 0.166437 27630
-0.16556 0.0148545 0.000265686 0.166225 27660
-0.165328 0.0150388 0.000279695 0.166011 27690
-0.165093 0.0152228 0.000293716 0.165794 27720
-0.164856 0.0154066 0.000307751 0.165575 27750
-0.164616 0.0155901 0.000321799 0.165353 27780
-0.164373 0.0157734 0.00033586 0.165129 27810
-0.164127 0.0159563 0.000349933 0.164902 27840
-0.163879 0.016139 0.00036402 0.164672 27870
-0.163628 0.0163213 0.000378119 0.16444 27900
-0.163374 0.0165034 0.000392231 0.164206 27930
-0.163117 0.0166852 0.000406355 0.163969 27960
-0.162858 0.0168667 0.000420492 0.163729 27990
-0.162596 0.0170479 0.000434642 0.163487 28020
-0.162331 0.0172287 0.000448803 0.163243 28050
-0.162063 0.0174093 0.000462978 0.162996 28080
-0.161793 0.0175896 0.000477164 0.162747 28110
-0.16152 0.0177695 0.000491362 0.162495 28140
-0.161244 0.0179491 0.000505573 0.162241 28170
-0.160965 0.0181285 0.000519796 0.161984 28200
-0.160684 0.0183074 0.00053403 0.161725 28230
-0.1604 0.0184861 0.000548277 0.161463 28260
-0.160114 0.0186644 0.000562535 0.161199 28290
-0.159824 0.0188424 0.000576805 0.160932 28320
-0.159532 0.01902 0.000591087 0.160663 28350
-0.159238 0.0191974 0.000605381 0.160392 28380
-0.15894 0.0193743 0.000619686 0.160118 28410
-0.15864 0.0195509 0.000634002 0.159842 28440
-0.158338 0.0197272 0.00064833 0.159563 28470
-0.158032 0.0199031 0.000662669 0.159282 28500
-0.157724 0.0200787 0.000677019 0.158999 28530
-0.157414 0.0202539 0.000691381 0.158713 28560
-0.1571 0.0204287 0.000705754 0.158425 28590
-0.156784 0.0206032 0.000720138 0.158134 28620
-0.156466 0.0207773 0.000734533 0.157841 28650
-0.156145 0.020951 0.000748938 0.157546 28680
-0.155821 0.0211244 0.000763355 0.157248 28710
-0.155495 0.0212974 0.000777782 0.156948 28740
-0.155166 0.02147 0.00079222 0.156646 28770
-0.154834 0.0216422 0.000806669 0.156341 28800
-0.1545 0.021814 0.000821128 0.156034 28830
-0.154163 0.0219854 0.000835598 0.155725 28860
-0.153824 0.0221565 0.000850078 0.155413 28890
-0.153482 0.0223271 0.000864568 0.1551 28920
-0.153137 0.0224974 0.000879069 0.154783 28950
-0.15279 0.0226672 0.00089358 0.154465 28980
-0.15244 0.0228367 0.000908101 0.154144 29010
-0.152088 0.0230057 0.000922632 0.153821 29040
-0.151734 0.0231743 0.000937173 0.153496 29070
-0.151376 0.0233425 0.000951724 0.153168 29100
-0.151016 0.0235103 0.000966285 0.152839 29130
-0.150654 0.0236777 0.000980855 0.152507 29160
-0.150289 0.0238446 0.000995436 0.152172 29190
-0.149922 0.0240111 0.00101003 0.151836 29220
-0.149552 0.0241772 0.00102462 0.151497 29250
-0.14918 0.0243429 0.00103923 0.151156 29280
-0.148805 0.0245081 0.00105385 0.150813 29310
-0.148428 0.0246729 0.00106848 0.150468 29340
-0.148048 0.0248372 0.00108312 0.150121 29370
-0.147665 0.0250011 0.00109776 0.149771 29400
-0.147281 0.0251646 0.00111242 0.149419 29430
-0.146894 0.0253276 0.00112708 0.149065 29460
-0.146504 0.0254901 0.00114175 0.148709 29490
-0.146112 0.0256522 0.00115644 0.148351 29520
-0.145717 0.0258138 0.00117113 0.147991 29550
-0.14532 0.025975 0.00118583 0.147628 29580
-0.144921 0.0261357 0.00120053 0.147264 29610
-0.144519 0.0262959 0.00121525 0.146897 29640
-0.144115 0.0264557 0.00122998 0.146528 29670
-0.143708 0.026615 0.00124471 0.146157 29700
-0.143299 0.0267738 0.00125945 0.145784 29730
-0.142888 0.0269321 0.0012742 0.145409 29760
-0.142474 0.02709 0.00128896 0.145032 29790
-0.142058 0.0272474 0.00130373 0.144653 29820
-0.14164 0.0274042 0.0013185 0.144272 29850
-0.141219 0.0275606 0.00133328 0.143889 29880
-0.140795 0.0277165 0.00134807 0.143504 29910
-0.14037 0.0278719 0.00136287 0.143117 29940
-0.139942 0.0280269 0.00137768 0.142728 29970
-0.139512 0.0281813 0.00139249 0.142336 30000
-0.139079 0.0283352 0.00140731 0.141943 30030
-0.138644 0.0284886 0.00142214 0.141548 30060
-0.138207 0.0286414 0.00143698 0.141151 30090
-0.137768 0.0287938 0.00145182 0.140752 30120
-0.137326 0.0289457 0.00146667 0.140351 30150
-0.136882 0.029097 0.00148153 0.139949 30180
-0.136436 0.0292478 0.0014964 0.139544 30210
-0.135987 0.0293981 0.00151127 0.139137 30240
-0.135537 0.0295479 0.00152615 0.138729 30270
-0.135084 0.0296971 0.00154104 0.138318 30300
-0.134628 0.0298459 0.00155593 0.137906 30330
-0.134171 0.029994 0.00157083 0.137492 30360
-0.133711 0.0301417 0.00158574 0.137076 30390
-0.133249 0.0302888 0.00160065 0.136658 30420
-0.132785 0.0304353 0.00161557 0.136238 30450
-0.132319 0.0305814 0.0016305 0.135817 30480
-0.13185 0.0307268 0.00164543 0.135393 30510
-0.13138 0.0308717 0.00166037 0.134968 30540
-0.130907 0.0310161 0.00167531 0.134542 30570
-0.130432 0.0311599 0.00169026 0.134113 30600
-0.129955 0.0313032 0.00170522 0.133683 30630
-0.129475 0.0314459 0.00172018 0.13325 30660
-0.128994 0.031588 0.00173515 0.132817 30690
-0.12851 0.0317296 0.00175013 0.132381 30720
-0.128025 0.0318706 0.00176511 0.131944 30750
-0.127537 0.032011 0.0017801 0.131505 30780
-0.127047 0.0321509 0.00179509 0.131064 30810
-0.126555 0.0322902 0.00181009 0.130622 30840
-0.126061 0.0324289 0.00182509 0.130178 30870
-0.125565 0.032567 0.0018401 0.129732 30900
-0.125067 0.0327046 0.00185511 0.129285 30930
-0.124566 0.0328415 0.00187013 0.128836 30960
-0.124064 0.0329779 0.00188515 0.128386 30990
-0.12356 0.0331137 0.00190018 0.127934 31020
-0.123053 0.0332489 0.00191522 0.12748 31050
-0.122545 0.0333835 0.00193026 0.127025 31080
-0.122034 0.0335175 0.0019453 0.126569 31110
-0.121522 0.0336509 0.00196035 0.12611 31140
-0.121008 0.0337837 0.0019754 0.125651 31170
-0.120491 0.0339159 0.00199046 0.125189 31200
-0.119973 0.0340475 0.00200552 0.124727 31230
-0.119452 0.0341785 0.00202059 0.124262 31260
-0.11893 0.0343088 0.00203566 0.123797 31290
-0.118406 0.0344386 0.00205074 0.12333 31320
-0.11788 0.0345677 0.00206581 0.122861 31350
-0.117352 0.0346963 0.0020809 0.122391 31380
-0.116822 0.0348242 0.00209599 0.12192 31410
-0.11629 0.0349515 0.00211108 0.121447 31440
-0.115756 0.0350781 0.00212617 0.120973 31470
-0.11522 0.0352042 0.00214127 0.120497 31500
-0.114682 0.0353296 0.00215638 0.12002 31530
-0.114143 0.0354543 0.00217148 0.119542 31560
-0.113602 0.0355785 0.00218659 0.119063 31590
-0.113058 0.035702 0.00220171 0.118582 31620
-0.112513 0.0358248 0.00221682 0.1181 31650
-0.111967 0.0359471 0.00223194 0.117617 31680
-0.111418 0.0360686 0.00224707 0.117132 31710
-0.110867 0.0361896 0.00226219 0.116646 31740
-0.110315 0.0363099 0.00227732 0.116159 31770
-0.109761 0.0364295 0.00229246 0.115671 31800
-0.109205 0.0365485 0.00230759 0.115182 31830
-0.108647 0.0366668 0.00232273 0.114691 31860
-0.108088 0.0367845 0.00233787 0.1142 31890
-0.107527 0.0369015 0.00235302 0.113707 31920
-0.106964 0.0370179 0.00236816 0.113213 31950
-0.106399 0.0371336 0.00238331 0.112718 31980
-0.105833 0.0372486 0.00239846 0.112222 32010
-0.105265 0.037363 0.00241362 0.111725 32040
-0.104695 0.0374767 0.00242877 0.111227 32070
-0.104124 0.0375898 0.00244393 0.110728 32100
-0.103551 0.0377021 0.00245909 0.110228 32130
-0.102976 0.0378138 0.00247425 0.109727 32160
-0.102399 0.0379248 0.00248942 0.109225 32190
-0.101821 0.0380352 0.00250458 0.108722 32220
-0.101241 0.0381448 0.00251975 0.108218 32250
-0.10066 0.0382538 0.00253492 0.107714 32280
-0.100077 0.0383621 0.00255009 0.107208 32310
-0.0994925 0.0384697 0.00256526 0.106702 32340
-0.0989062 0.0385766 0.00258044 0.106194 32370
-0.0983184 0.0386829 0.00259561 0.105686 32400
-0.0977291 0.0387884 0.00261079 0.105178 32430
-0.0971381 0.0388932 0.00262597 0.104668 32460
-0.0965456 0.0389974 0.00264115 0.104158 32490
-0.0959516 0.0391009 0.00265633 0.103647 32520
-0.095356 0.0392036 0.00267151 0.103135 32550
-0.0947589 0.0393057 0.00268669 0.102623 32580
-0.0941603 0.039407 0.00270187 0.10211 32610
-0.0935602 0.0395077 0.00271706 0.101596 32640
-0.0929586 0.0396076 0.00273224 0.101082 32670
-0.0923555 0.0397068 0.00274743 0.100567 32700
-0.0917509 0.0398054 0.00276261 0.100052 32730
-0.0911449 0.0399032 0.0027778 0.0995358 32760
-0.0905374 0.0400003 0.00279298 0.0990195 32790
-0.0899285 0.0400967 0.00280817 0.0985026 32820
-0.0893182 0.0401924 0.00282335 0.0979854 32850
-0.0887065 0.0402873 0.00283854 0.0974677 32880
-0.0880933 0.0403815 0.00285373 0.0969497 32910
-0.0874788 0.0404751 0.00286891 0.0964313 32940
-0.0868628 0.0405678 0.0028841 0.0959126 32970
-0.0862455 0.0406599 0.00289928 0.0953935 33000
-0.0856269 0.0407513 0.00291447 0.0948742 33030
-0.0850069 0.0408419 0.00292965 0.0943547 33060
-0.0843855 0.0409317 0.00294484 0.0938349 33090
-0.0837628 0.0410209 0.00296002 0.093315 33120
-0.0831388 0.0411093 0.0029752 0.0927949 33150
-0.0825135 0.041197 0.00299038 0.0922747 33180
-0.0818869 0.0412839 0.00300557 0.0917544 33210
-0.0812591 0.0413702 0.00302075 0.091234 33240
-0.0806299 0.0414556 0.00303593 0.0907137 33270
-0.0799995 0.0415404 0.0030511 0.0901933 33300
-0.0793678 0.0416243 0.00306628 0.089673 33330
-0.078735 0.0417076 0.00308146 0.0891527 33360
-0.0781008 0.0417901 0.00309663 0.0886326 33390
-0.0774655 0.0418718 0.0031118 0.0881126 33420
-0.076829 0.0419528 0.00312697 0.0875928 33450
-0.0761912 0.0420331 0.00314214 0.0870733 33480
-0.0755523 0.0421126 0.00315731 0.086554 33510
-0.0749122 0.0421914 0.00317248 0.086035 33540
-0.074271 0.0422694 0.00318764 0.0855163 33570
-0.0736286 0.0423466 0.0032028 0.084998 33600
-0.0729851 0.0424231 0.00321796 0.0844801 33630
-0.0723404 0.0424988 0.00323312 0.0839627 33660
-0.0716946 0.0425738 0.00324828 0.0834458 33690
-0.0710478 0.042648 0.00326343 0.0829294 33720
-0.0703998 0.0427215 0.00327858 0.0824136 33750
-0.0697508 0.0427941 0.00329373 0.0818985 33780
-0.0691007 0.0428661 0.00330888 0.081384 33810
-0.0684496 0.0429372 0.00332402 0.0808702 33840
-0.0677974 0.0430076 0.00333916 0.0803572 33870
-0.0671441 0.0430772 0.0033543 0.0798451 33900
-0.0664899 0.0431461 0.00336944 0.0793337 33930
-0.0658346 0.0432142 0.00338457 0.0788233 33960
-0.0651784 0.0432815 0.0033997 0.0783139 33990
-0.0645212 0.043348 0.00341482 0.0778055 34020
-0.063863 0.0434138 0.00342995 0.0772981 34050
-0.0632038 0.0434788 0.00344507 0.0767919 34080
-0.0625437 0.043543 0.00346018 0.0762868 34110
-0.0618826 0.0436064 0.0034753 0.0757829 34140
-0.0612206 0.0436691 0.00349041 0.0752804 34170
-0.0605577 0.0437309 0.00350551 0.0747792 34200
-0.0598939 0.043792 0.00352061 0.0742793 34230
-0.0592293 0.0438523 0.00353571 0.073781 34260
-0.0585637 0.0439119 0.00355081 0.0732841 34290
-0.0578973 0.0439706 0.0035659 0.0727889 34320
-0.05723 0.0440286 0.00358098 0.0722953 34350
-0.0565618 0.0440857 0.00359606 0.0718034 34380
-0.0558929 0.0441421 0.00361114 0.0713133 34410
-0.0552231 0.0441977 0.00362622 0.070825 34440
-0.0545525 0.0442525 0.00364128 0.0703386 34470
-0.0538811 0.0443066 0.00365635 0.0698543 34500
-0.053209 0.0443598 0.00367141 0.0693719 34530
-0.052536 0.0444122 0.00368646 0.0688917 34560
-0.0518623 0.0444639 0.00370152 0.0684137 34590
-0.0511879 0.0445147 0.00371656 0.067938 34620
-0.0505127 0.0445648 0.0037316 0.0674647 34650
-0.0498368 0.044614 0.00374664 0.0669937 34680
-0.0491602 0.0446625 0.00376167 0.0665253 34710
-0.0484829 0.0447102 0.00377669 0.0660595 34740
-0.0478049 0.044757 0.00379171 0.0655963 34770
-0.0471262 0.0448031 0.00380673 0.0651359 34800
-0.0464469 0.0448483 0.00382174 0.0646784 34830
-0.0457669 0.0448928 0.00383674 0.0642238 34860
-0.0450863 0.0449365 0.00385174 0.0637722 34890
-0.0444051 0.0449793 0.00386674 0.0633238 34920
-0.0437232 0.0450214 0.00388172 0.0628785 34950
-0.0430407 0.0450627 0.0038967 0.0624366 34980
-0.0423577 0.0451031 0.00391168 0.0619981 35010
-0.041674 0.0451427 0.00392665 0.0615631 35040
-0.0409898 0.0451816 0.00394161 0.0611317 35070
-0.0403051 0.0452196 0.00395657 0.0607039 35100
-0.0396198 0.0452568 0.00397152 0.06028 35130
-0.038934 0.0452933 0.00398646 0.0598601 35160
-0.0382476 0.0453289 0.0040014 0.0594441 35190
-0.0375608 0.0453637 0.00401633 0.0590322 35220
-0.0368735 0.0453977 0.00403126 0.0586247 35250
-0.0361856 0.0454308 0.00404618 0.0582214 35280
-0.0354974 0.0454632 0.00406109 0.0578226 35310
-0.0348086 0.0454948 0.00407599 0.0574284 35340
-0.0341194 0.0455255 0.00409089 0.057039 35370
-0.0334298 0.0455554 0.00410578 0.0566543 35400
-0.0327398 0.0455845 0.00412066 0.0562745 35430
-0.0320494 0.0456129 0.00413554 0.0558999 35460
-0.0313585 0.0456403 0.00415041 0.0555304 35490
-0.0306673 0.045667 0.00416527 0.0551662 35520
-0.0299757 0.0456929 0.00418012 0.0548074 35550
-0.0292838 0.0457179 0.00419497 0.0544542 35580
-0.0285915 0.0457421 0.00420981 0.0541067 35610
-0.0278989 0.0457656 0.00422464 0.053765 35640
-0.0272059 0.0457881 0.00423946 0.0534293 35670
-0.0265127 0.0458099 0.00425428 0.0530996 35700
-0.0258191 0.0458309 0.00426909 0.0527762 35730
-0.0251253 0.045851 0.00428389 0.052459 35760
-0.0244312 0.0458703 0.00429868 0.0521484 35790
-0.0237369 0.0458888 0.00431346 0.0518443 35820
-0.0230422 0.0459065 0.00432823 0.051547 35850
-0.0223474 0.0459234 0.004343 0.0512565 35880
-0.0216524 0.0459394 0.00435776 0.050973 35910
-0.0209571 0.0459547 0.00437251 0.0506966 35940
-0.0202616 0.0459691 0.00438725 0.0504275 35970
-0.019566 0.0459827 0.00440198 0.0501658 36000
-0.0188701 0.0459954 0.0044167 0.0499116 36030
-0.0181742 0.0460074 0.00443142 0.049665 36060
-0.017478 0.0460185 0.00444612 0.0494262 36090
-0.0167818 0.0460288 0.00446082 0.0491953 36120
-0.0160854 0.0460383 0.0044755 0.0489723 36150
-0.0153889 0.0460469 0.00449018 0.0487575 36180
-0.0146923 0.0460547 0.00450485 0.048551 36210
-0.0139956 0.0460617 0.00451951 0.0483527 36240
-0.0132989 0.0460679 0.00453416 0.048163 36270
-0.012602 0.0460733 0.0045488 0.0479818 36300
-0.0119052 0.0460778 0.00456342 0.0478093 36330
-0.0112083 0.0460816 0.00457804 0.0476455 36360
-0.0105114 0.0460845 0.00459265 0.0474906 36390
-0.00981442 0.0460865 0.00460725 0.0473447 36420
-0.00911748 0.0460878 0.00462184 0.0472078 36450
-0.00842057 0.0460882 0.00463642 0.04708 36480
-0.00772367 0.0460878 0.00465099 0.0469614 36510
-0.00702682 0.0460866 0.00466555 0.0468521 36540
-0.00633001 0.0460846 0.0046801 0.0467521 36570
-0.00563327 0.0460817 0.00469464 0.0466615 36600
-0.00493661 0.046078 0.00470917 0.0465804 36630
-0.00424003 0.0460735 0.00472369 0.0465087 36660
-0.00354355 0.0460682 0.00473819 0.0464466 36690
-0.00284718 0.0460621 0.00475269 0.0463941 36720
-0.00215094 0.0460551 0.00476717 0.0463511 36750
-0.00145484 0.0460473 0.00478165 0.0463178 36780
-0.000758887 0.0460387 0.00479611 0.046294 36810
-6.30956e-05 0.0460292 0.00481056 0.04628 36840
0.000632521 0.046019 0.004825 0.0462756 36870
0.00132795 0.0460079 0.00483943 0.0462808 36900
0.00202318 0.045996 0.00485385 0.0462956 36930
0.0027182 0.0459833 0.00486825 0.0463201 36960
0.003413 0.0459697 0.00488265 0.0463541 36990
0.00410756 0.0459554 0.00489703 0.0463977 37020
0.00480187 0.0459402 0.0049114 0.0464508 37050
0.00549592 0.0459242 0.00492576 0.0465134 37080
0.0061897 0.0459074 0.00494011 0.0465854 37110
0.00688319 0.0458897 0.00495444 0.0466668 37140
0.00757638 0.0458713 0.00496877 0.0467575 37170
0.00826927 0.045852 0.00498308 0.0468574 37200
0.00896183 0.0458319 0.00499738 0.0469665 37230
0.00965406 0.045811 0.00501166 0.0470846 37260
0.0103459 0.0457892 0.00502594 0.0472118 37290
0.0110375 0.0457667 0.0050402 0.0473478 37320
0.0117286 0.0457433 0.00505445 0.0474927 37350
0.0124194 0.0457191 0.00506868 0.0476463 37380
0.0131097 0.0456941 0.00508291 0.0478085 37410
0.0137997 0.0456683 0.00509712 0.0479792 37440
0.0144892 0.0456417 0.00511131 0.0481583 37470
0.0151784 0.0456142 0.0051255 0.0483457 37500
0.015867 0.045586 0.00513967 0.0485413 37530
0.0165552 0.0455569 0.00515383 0.0487449 37560
0.017243 0.045527 0.00516797 0.0489565 37590
0.0179302 0.0454963 0.0051821 0.0491758 37620
0.018617 0.0454648 0.00519622 0.0494028 37650
0.0193032 0.0454325 0.00521032 0.0496374 37680
0.019989 0.0453993 0.00522441 0.0498794 37710
0.0206742 0.0453654 0.00523849 0.0501286 37740
0.0213588 0.0453306 0.00525255 0.0503851 37770
0.0220429 0.0452951 0.0052666 0.0506485 37800
0.0227265 0.0452587 0.00528064 0.0509188 37830
0.0234095 0.0452215 0.00529466 0.0511959 37860
0.0240918 0.0451835 0.00530867 0.0514796 37890
0.0247736 0.0451447 0.00532266 0.0517698 37920
0.0254548 0.0451051 0.00533664 0.0520663 37950
0.0261353 0.0450647 0.0053506 0.052369 37980
0.0268152 0.0450235 0.00536455 0.0526778 38010
0.0274944 0.0449815 0.00537848 0.0529925 38040
0.028173 0.0449387 0.0053924 0.053313 38070
0.0288509 0.0448951 0.00540631 0.0536392 38100
0.0295281 0.0448506 0.0054202 0.053971 38130
0.0302046 0.0448054 0.00543408 0.0543081 38160
0.0308804 0.0447594 0.00544794 0.0546506 38190
0.0315555 0.0447126 0.00546178 0.0549981 38220
0.0322298 0.044665 0.00547561 0.0553507 38250
0.0329034 0.0446166 0.00548943 0.0557082 38280
0.0335762 0.0445673 0.00550323 0.0560705 38310
0.0342483 0.0445173 0.00551701 0.0564374 38340
0.0349196 0.0444665 0.00553078 0.0568088 38370
0.0355901 0.0444149 0.00554453 0.0571846 38400
0.0362597 0.0443626 0.00555827 0.0575647 38430
0.0369286 0.0443094 0.00557199 0.057949 38460
0.0375966 0.0442554 0.0055857 0.0583374 38490
0.0382638 0.0442007 0.00559939 0.0587296 38520
0.0389301 0.0441451 0.00561306 0.0591257 38550
0.0395956 0.0440888 0.00562672 0.0595255 38580
0.0402602 0.0440316 0.00564036 0.059929 38610
0.0409239 0.0439737 0.00565398 0.0603359 38640
0.0415867 0.043915 0.00566759 0.0607462 38670
0.0422486 0.0438556 0.00568118 0.0611598 38700
0.0429095 0.0437953 0.00569476 0.0615767 38730
0.0435695 0.0437343 0.00570832 0.0619966 38760
0.0442286 0.0436724 0.00572186 0.0624195 38790
0.0448867 0.0436098 0.00573539 0.0628453 38820
0.0455438 0.0435465 0.0057489 0.0632739 38850
0.0462 0.0434823 0.00576239 0.0637052 38880
0.0468552 0.0434174 0.00577586 0.0641392 38910
0.0475093 0.0433517 0.00578932 0.0645757 38940
0.0481624 0.0432852 0.00580276 0.0650146 38970
0.0488146 0.0432179 0.00581618 0.0654559 39000
0.0494656 0.0431499 0.00582959 0.0658995 39030
0.0501156 0.0430811 0.00584298 0.0663453 39060
0.0507646 0.0430115 0.00585635 0.0667932 39090
0.0514124 0.0429412 0.0058697 0.0672431 39120
0.0520592 0.0428701 0.00588303 0.067695 39150
0.0527049 0.0427982 0.00589635 0.0681488 39180
0.0533495 0.0427256 0.00590965 0.0686044 39210
0.0539929 0.0426522 0.00592293 0.0690618 39240
0.0546353 0.042578 0.0059362 0.0695208 39270
0.0552764 0.0425031 0.00594944 0.0699814 39300
0.0559164 0.0424275 0.00596267 0.0704435 39330
0.0565553 0.042351 0.00597588 0.0709071 39360
0.057193 0.0422738 0.00598907 0.0713721 39390
0.0578295 0.0421959 0.00600224 0.0718385 39420
0.0584647 0.0421172 0.00601539 0.0723061 39450
0.0590988 0.0420378 0.00602853 0.0727749 39480
0.0597316 0.0419576 0.00604164 0.0732449 39510
0.0603633 0.0418766 0.00605474 0.0737159 39540
0.0609936 0.0417949 0.00606782 0.074188 39570
0.0616227 0.0417125 0.00608088 0.074661 39600
0.0622506 0.0416293 0.00609392 0.075135 39630
0.0628771 0.0415454 0.00610694 0.0756098 39660
0.0635024 0.0414607 0.00611994 0.0760855 39690
0.0641264 0.0413753 0.00613292 0.0765619 39720
0.064749 0.0412892 0.00614589 0.077039 39750
0.0653703 0.0412023 0.00615883 0.0775167 39780
0.0659903 0.0411147 0.00617175 0.0779951 39810
0.066609 0.0410263 0.00618466 0.078474 39840
0.0672263 0.0409372 0.00619754 0.0789534 39870
0.0678422 0.0408474 0.00621041 0.0794333 39900
0.0684568 0.0407569 0.00622325 0.0799136 39930
0.0690699 0.0406656 0.00623608 0.0803942 39960
0.0696817 0.0405736 0.00624888 0.0808752 39990
0.070292 0.0404809 0.00626167 0.0813565 40020
0.070901 0.0403874 0.00627443 0.081838 40050
0.0715084 0.0402932 0.00628718 0.0823197 40080
0.0721145 0.0401983 0.0062999 0.0828015 40110
0.0727191 0.0401027 0.0063126 0.0832835 40140
0.0733222 0.0400064 0.00632529 0.0837656 40170
0.0739239 0.0399094 0.00633795 0.0842477 40200
0.074524 0.0398116 0.00635059 0.0847297 40230
0.0751227 0.0397132 0.00636321 0.0852118 40260
0.0757199 0.039614 0.00637581 0.0856938 40290
0.0763155 0.0395141 0.00638839 0.0861756 40320
0.0769096 0.0394136 0.00640095 0.0866573 40350
0.0775022 0.0393123 0.00641348 0.0871389 40380
0.0780933 0.0392103 0.006426 0.0876202 40410
0.0786827 0.0391076 0.00643849 0.0881012 40440
0.0792706 0.0390042 0.00645096 0.088582 40470
0.0798569 0.0389001 0.00646341 0.0890625 40500
0.0804417 0.0387954 0.00647584 0.0895426 40530
0.0810248 0.0386899 0.00648825 0.0900223 40560
0.0816063 0.0385837 0.00650064 0.0905017 40590
0.0821862 0.0384769 0.006513 0.0909805 40620
0.0827645 0.0383693 0.00652535 0.091459 40650
0.0833411 0.0382611 0.00653767 0.0919369 40680
0.083916 0.0381522 0.00654996 0.0924143 40710
0.0844893 0.0380426 0.00656224 0.0928911 40740
0.085061 0.0379324 0.0065745 0.0933673 40770
0.0856309 0.0378214 0.00658673 0.0938429 40800
0.0861992 0.0377098 0.00659894 0.0943179 40830
0.0867657 0.0375975 0.00661112 0.0947922 40860
0.0873305 0.0374845 0.00662329 0.0952659 40890
0.0878937 0.0373709 0.00663543 0.0957387 40920
0.088455 0.0372566 0.00664755 0.0962109 40950
0.0890147 0.0371416 0.00665965 0.0966823 40980
0.0895725 0.037026 0.00667172 0.0971529 41010
0.0901287 0.0369097 0.00668377 0.0976226 41040
0.090683 0.0367928 0.0066958 0.0980915 41070
0.0912356 0.0366752 0.0067078 0.0985596 41100
0.0917863 0.0365569 0.00671979 0.0990267 41130
0.0923353 0.036438 0.00673174 0.099493 41160
0.0928824 0.0363184 0.00674368 0.0999583 41190
0.0934278 0.0361982 0.00675559 0.100423 41220
0.0939713 0.0360774 0.00676748 0.100886 41250
0.0945129 0.0359558 0.00677934 0.101348 41280
0.0950527 0.0358337 0.00679118 0.10181 41310
0.0955907 0.0357109 0.006803 0.10227 41340
0.0961268 0.0355875 0.0068148 0.102729 41370
0.096661 0.0354634 0.00682657 0.103187 41400
0.0971933 0.0353387 0.00683831 0.103644 41430
0.0977237 0.0352134 0.00685003 0.1041 41460
0.0982522 0.0350875 0.00686173 0.104555 41490
0.0987788 0.0349609 0.0068734 0.105008 41520
0.0993035 0.0348337 0.00688505 0.105461 41550
0.0998262 0.0347058 0.00689668 0.105912 41580
0.100347 0.0345774 0.00690828 0.106362 41610
0.100866 0.0344483 0.00691985 0.10681 41640
0.101383 0.0343186 0.0069314 0.107258 41670
0.101898 0.0341883 0.00694293 0.107704 41700
0.10241 0.0340574 0.00695443 0.108149 41730
0.102921 0.0339259 0.00696591 0.108592 41760
0.10343 0.0337938 0.00697736 0.109035 41790
0.103937 0.0336611 0.00698879 0.109475 41820
0.104442 0.0335277 0.00700019 0.109915 41850
0.104945 0.0333938 0.00701156 0.110353 41880
0.105446 0.0332593 0.00702291 0.11079 41910
0.105945 0.0331242 0.00703424 0.111225 41940
0.106441 0.0329885 0.00704554 0.111659 41970
0.106936 0.0328522 0.00705682 0.112091 42000
0.107429 0.0327153 0.00706807 0.112522 42030
0.107919 0.0325778 0.00707929 0.112951 42060
0.108408 0.0324398 0.00709049 0.113379 42090
0.108894 0.0323011 0.00710166 0.113805 42120
0.109378 0.0321619 0.00711281 0.11423 42150
0.10986 0.0320221 0.00712393 0.114654 42180
0.11034 0.0318818 0.00713502 0.115075 42210
0.110818 0.0317409 0.00714609 0.115496 42240
0.111294 0.0315994 0.00715713 0.115914 42270
0.111767 0.0314573 0.00716815 0.116331 42300
0.112239 0.0313147 0.00717914 0.116746 42330
0.112708 0.0311715 0.0071901 0.11716 42360
0.113175 0.0310278 0.00720104 0.117572 42390
0.11364 0.0308835 0.00721195 0.117983 42420
0.114103 0.0307386 0.00722283 0.118391 42450
0.114563 0.0305932 0.00723369 0.118798 42480
0.115022 0.0304473 0.00724452 0.119204 42510
0.115478 0.0303008 0.00725532 0.119607 42540
0.115932 0.0301538 0.0072661 0.120009 42570
0.116383 0.0300062 0.00727685 0.120409 42600
0.116833 0.0298581 0.00728757 0.120808 42630
0.11728 0.0297095 0.00729827 0.121204 42660
0.117725 0.0295603 0.00730893 0.121599 42690
0.118167 0.0294106 0.00731958 0.121992 42720
0.118608 0.0292604 0.00733019 0.122384 42750
0.119046 0.0291096 0.00734077 0.122773 42780
0.119482 0.0289584 0.00735133 0.123161 42810
0.119915 0.0288066 0.00736186 0.123546 42840
0.120347 0.0286543 0.00737237 0.12393 42870
0.120775 0.0285015 0.00738284 0.124312 42900
0.121202 0.0283481 0.00739329 0.124692 42930
0.121626 0.0281943 0.00740371 0.125071 42960
0.122048 0.02804 0.0074141 0.125447 42990
0.122468 0.0278851 0.00742446 0.125822 43020
0.122885 0.0277298 0.0074348 0.126194 43050
0.1233 0.027574 0.0074451 0.126565 43080
0.123713 0.0274177 0.00745538 0.126934 43110
0.124123 0.0272608 0.00746563 0.1273 43140
0.124531 0.0271035 0.00747585 0.127665 43170
0.124936 0.0269457 0.00748605 0.128028 43200
0.125339 0.0267875 0.00749621 0.128389 43230
0.12574 0.0266287 0.00750635 0.128747 43260
0.126138 0.0264695 0.00751645 0.129104 43290
0.126534 0.0263098 0.00752653 0.129459 43320
0.126927 0.0261496 0.00753658 0.129812 43350
0.127318 0.025989 0.0075466 0.130163 43380
0.127707 0.0258279 0.00755659 0.130511 43410
0.128093 0.0256663 0.00756656 0.130858 43440
0.128477 0.0255043 0.00757649 0.131203 43470
0.128858 0.0253418 0.00758639 0.131545 43500
0.129237 0.0251789 0.00759627 0.131885 43530
0.129613 0.0250155 0.00760611 0.132224 43560
0.129987 0.0248517 0.00761593 0.13256 43590
0.130358 0.0246874 0.00762571 0.132894 43620
0.130727 0.0245227 0.00763547 0.133226 43650
0.131093 0.0243575 0.0076452 0.133556 43680
0.131457 0.0241919 0.00765489 0.133884 43710
0.131818 0.0240259 0.00766456 0.134209 43740
0.132177 0.0238594 0.0076742 0.134533 43770
0.132534 0.0236925 0.00768381 0.134854 43800
0.132887 0.0235252 0.00769338 0.135173 43830
0.133239 0.0233575 0.00770293 0.13549 43860
0.133588 0.0231893 0.00771245 0.135804 43890
0.133934 0.0230208 0.00772193 0.136117 43920
0.134277 0.0228518 0.00773139 0.136427 43950
0.134618 0.0226824 0.00774082 0.136735 43980
0.134957 0.0225126 0.00775021 0.137041 44010
0.135293 0.0223424 0.00775958 0.137345 44040
0.135626 0.0221718 0.00776891 0.137646 44070
0.135957 0.0220008 0.00777821 0.137945 44100
0.136285 0.0218294 0.00778749 0.138242 44130
0.136611 0.0216576 0.00779673 0.138537 44160
0.136934 0.0214855 0.00780594 0.138829 44190
0.137255 0.0213129 0.00781512 0.139119 44220
0.137572 0.02114 0.00782427 0.139407 44250
0.137888 0.0209666 0.00783338 0.139692 44280
0.1382 0.0207929 0.00784247 0.139976 44310
0.13851 0.0206189 0.00785153 0.140256 44340
0.138818 0.0204444 0.00786055 0.140535 44370
0.139122 0.0202696 0.00786954 0.140811 44400
0.139424 0.0200945 0.0078785 0.141085 44430
0.139724 0.019919 0.00788743 0.141357 44460
0.140021 0.0197431 0.00789633 0.141626 44490
0.140315 0.0195668 0.00790519 0.141893 44520
0.140606 0.0193902 0.00791403 0.142157 44550
0.140895 0.0192133 0.00792283 0.14242 44580
0.141181 0.019036 0.0079316 0.142679 44610
0.141465 0.0188584 0.00794034 0.142937 44640
0.141745 0.0186804 0.00794905 0.143192 44670
0.142023 0.0185021 0.00795772 0.143444 44700
0.142299 0.0183235 0.00796636 0.143695 44730
0.142571 0.0181445 0.00797497 0.143942 44760
0.142841 0.0179653 0.00798355 0.144188 44790
0.143109 0.0177857 0.0079921 0.144431 44820
0.143373 0.0176057 0.00800061 0.144672 44850
0.143635 0.0174255 0.00800909 0.14491 44880
0.143894 0.0172449 0.00801754 0.145146 44910
0.144151 0.0170641 0.00802595 0.145379 44940
0.144404 0.0168829 0.00803433 0.14561 44970
0.144655 0.0167014 0.00804268 0.145838 45000
0.144903 0.0165196 0.008051 0.146064 45030
0.145149 0.0163376 0.00805928 0.146288 45060
0.145392 0.0161552 0.00806753 0.146509 45090
0.145632 0.0159725 0.00807575 0.146727 45120
0.145869 0.0157896 0.00808393 0.146943 45150
0.146103 0.0156064 0.00809209 0.147157 45180
0.146335 0.0154229 0.0081002 0.147368 45210
0.146564 0.0152391 0.00810829 0.147577 45240
0.14679 0.015055 0.00811634 0.147783 45270
0.147013 0.0148707 0.00812436 0.147987 45300
0.147234 0.0146861 0.00813234 0.148188 45330
0.147452 0.0145012 0.00814029 0.148386 45360
0.147667 0.0143161 0.00814821 0.148583 45390
0.147879 0.0141307 0.00815609 0.148776 45420
0.148088 0.0139451 0.00816394 0.148967 45450
0.148295 0.0137592 0.00817176 0.149156 45480
0.148499 0.013573 0.00817954 0.149342 45510
0.1487 0.0133867 0.00818729 0.149525 45540
0.148898 0.0132 0.008195 0.149706 45570
0.149093 0.0130132 0.00820268 0.149885 45600
0.149286 0.0128261 0.00821032 0.150061 45630
0.149476 0.0126388 0.00821794 0.150234 45660
0.149662 0.0124512 0.00822551 0.150405 45690
0.149847 0.0122634 0.00823306 0.150573 45720
0.150028 0.0120754 0.00824056 0.150738 45750
0.150206 0.0118872 0.00824804 0.150901 45780
0.150382 0.0116988 0.00825548 0.151062 45810
0.150555 0.0115101 0.00826288 0.15122 45840
0.150724 0.0113213 0.00827025 0.151375 45870
0.150891 0.0111322 0.00827758 0.151528 45900
0.151056 0.010943 0.00828488 0.151678 45930
0.151217 0.0107535 0.00829215 0.151826 45960
0.151376 0.0105639 0.00829938 0.15197 45990
0.151531 0.010374 0.00830657 0.152113 46020
0.151684 0.010184 0.00831373 0.152253 46050
0.151834 0.00999377 0.00832086 0.15239 46080
0.151981 0.00980337 0.00832795 0.152524 46110
0.152125 0.0096128 0.008335 0.152656 46140
0.152266 0.00942205 0.00834202 0.152785 46170
0.152405 0.00923113 0.008349 0.152912 46200
0.15254 0.00904005 0.00835595 0.153036 46230
0.152673 0.0088488 0.00836287 0.153158 46260
0.152803 0.00865739 0.00836974 0.153276 46290
0.15293 0.00846582 0.00837658 0.153393 46320
0.153054 0.0082741 0.00838339 0.153506 46350
0.153175 0.00808223 0.00839016 0.153617 46380
0.153293 0.00789021 0.00839689 0.153725 46410
0.153408 0.00769805 0.00840359 0.153831 46440
0.153521 0.00750574 0.00841025 0.153934 46470
0.15363 0.0073133 0.00841688 0.154034 46500
0.153737 0.00712073 0.00842347 0.154132 46530
0.153841 0.00692803 0.00843002 0.154227 46560
0.153941 0.0067352 0.00843654 0.15432 46590
0.154039 0.00654225 0.00844302 0.154409 46620
0.154134 0.00634917 0.00844947 0.154496 46650
0.154227 0.00615599 0.00845588 0.154581 46680
0.154316 0.00596268 0.00846225 0.154663 46710
0.154402 0.00576927 0.00846859 0.154742 46740
0.154485 0.00557576 0.00847489 0.154818 46770
0.154566 0.00538214 0.00848115 0.154892 46800
0.154643 0.00518842 0.00848738 0.154963 46830
0.154718 0.00499461 0.00849356 0.155032 46860
0.15479 0.0048007 0.00849972 0.155097 46890
0.154859 0.00460671 0.00850583 0.15516 46920
0.154925 0.00441263 0.00851191 0.155221 46950
0.154987 0.00421846 0.00851795 0.155279 46980
0.155047 0.00402422 0.00852396 0.155334 47010
0.155105 0.00382991 0.00852993 0.155386 47040
0.155159 0.00363552 0.00853586 0.155436 47070
0.15521 0.00344107 0.00854175 0.155483 47100
0.155258 0.00324655 0.00854761 0.155527 47130
0.155304 0.00305197 0.00855343 0.155569 47160
0.155346 0.00285733 0.00855921 0.155608 47190
0.155386 0.00266264 0.00856495 0.155644 47220
0.155422 0.00246789 0.00857066 0.155678 47250
0.155456 0.0022731 0.00857633 0.155709 47280
0.155487 0.00207827 0.00858196 0.155737 47310
0.155515 0.0018834 0.00858755 0.155763 47340
0.155539 0.00168849 0.00859311 0.155786 47370
0.155561 0.00149354 0.00859863 0.155806 47400
0.15558 0.00129857 0.00860411 0.155823 47430
0.155596 0.00110356 0.00860955 0.155838 47460
0.155609 0.000908541 0.00861496 0.15585 47490
0.15562 0.000713497 0.00862032 0.15586 47520
0.155627 0.000518438 0.00862565 0.155867 47550
0.155631 0.000323366 0.00863094 0.155871 47580
0.155633 0.000128284 0.0086362 0.155872 47610
0.155631 -6.68028e-05 0.00864141 0.155871 47640
0.155627 -0.000261892 0.00864659 0.155867 47670
0.155619 -0.00045698 0.00865173 0.15586 47700
0.155609 -0.000652063 0.00865682 0.155851 47730
0.155595 -0.000847138 0.00866189 0.155839 47760
0.155579 -0.0010422 0.00866691 0.155824 47790
0.15556 -0.00123725 0.00867189 0.155807 47820
0.155538 -0.00143228 0.00867684 0.155786 47850
0.155513 -0.00162729 0.00868174 0.155764 47880
0.155485 -0.00182227 0.00868661 0.155738 47910
0.155454 -0.00201722 0.00869144 0.15571 47940
0.15542 -0.00221214 0.00869623 0.155679 47970
0.155383 -0.00240703 0.00870098 0.155645 48000
0.155344 -0.00260187 0.0087057 0.155609 48030
0.155301 -0.00279667 0.00871037 0.15557 48060
0.155255 -0.00299143 0.00871501 0.155529 48090
0.155207 -0.00318614 0.0087196 0.155484 48120
0.155156 -0.00338079 0.00872416 0.155437 48150
0.155101 -0.00357539 0.00872868 0.155388 48180
0.155044 -0.00376992 0.00873315 0.155335 48210
0.154984 -0.00396439 0.00873759 0.15528 48240
0.154921 -0.0041588 0.00874199 0.155223 48270
0.154854 -0.00435313 0.00874635 0.155162 48300
0.154785 -0.00454739 0.00875067 0.155099 48330
0.154714 -0.00474158 0.00875496 0.155034 48360
0.154639 -0.00493568 0.0087592 0.154965 48390
0.154561 -0.0051297 0.0087634 0.154894 48420
0.15448 -0.00532363 0.00876756 0.15482 48450
0.154397 -0.00551747 0.00877169 0.154744 48480
0.15431 -0.00571121 0.00877577 0.154665 48510
0.154221 -0.00590486 0.00877981 0.154583 48540
0.154128 -0.0060984 0.00878382 0.154499 48570
0.154033 -0.00629184 0.00878778 0.154412 48600
0.153935 -0.00648517 0.0087917 0.154322 48630
0.153834 -0.00667839 0.00879559 0.15423 48660
0.15373 -0.00687149 0.00879943 0.154135 48690
0.153623 -0.00706448 0.00880323 0.154037 48720
0.153513 -0.00725734 0.008807 0.153937 48750
0.153401 -0.00745007 0.00881072 0.153834 48780
0.153285 -0.00764268 0.00881441 0.153728 48810
0.153166 -0.00783516 0.00881805 0.15362 48840
0.153045 -0.0080275 0.00882165 0.153509 48870
0.152921 -0.00821969 0.00882521 0.153396 48900
0.152794 -0.00841175 0.00882874 0.153279 48930
0.152664 -0.00860366 0.00883222 0.153161 48960
0.152531 -0.00879542 0.00883566 0.153039 48990
0.152395 -0.00898703 0.00883906 0.152915 49020
0.152256 -0.00917848 0.00884242 0.152789 49050
0.152115 -0.00936977 0.00884574 0.152659 49080
0.15197 -0.0095609 0.00884902 0.152527 49110
0.151823 -0.00975186 0.00885225 0.152393 49140
0.151673 -0.00994265 0.00885545 0.152256 49170
0.151519 -0.0101333 0.00885861 0.152116 49200
0.151363 -0.0103237 0.00886172 0.151974 49230
0.151205 -0.010514 0.0088648 0.151829 49260
0.151043 -0.0107041 0.00886783 0.151681 49290
0.150878 -0.0108939 0.00887082 0.151531 49320
0.150711 -0.0110836 0.00887377 0.151378 49350
0.150541 -0.0112731 0.00887668 0.151223 49380
0.150368 -0.0114625 0.00887955 0.151065 49410
0.150192 -0.0116516 0.00888238 0.150905 49440
0.150013 -0.0118405 0.00888517 0.150742 49470
0.149831 -0.0120292 0.00888791 0.150576 49500
0.149647 -0.0122177 0.00889062 0.150408 49530
0.14946 -0.0124059 0.00889328 0.150237 49560
0.14927 -0.012594 0.0088959 0.150064 49590
0.149077 -0.0127818 0.00889848 0.149888 49620
0.148881 -0.0129694 0.00890102 0.149709 49650
0.148682 -0.0131568 0.00890352 0.149529 49680
0.148481 -0.013344 0.00890597 0.149345 49710
0.148277 -0.0135309 0.00890838 0.149159 49740
0.14807 -0.0137176 0.00891076 0.14897 49770
0.14786 -0.013904 0.00891309 0.148779 49800
0.147647 -0.0140902 0.00891537 0.148586 49830
0.147432 -0.0142761 0.00891762 0.148389 49860
0.147213 -0.0144618 0.00891983 0.148191 49890
0.146992 -0.0146473 0.00892199 0.147989 49920
0.146768 -0.0148325 0.00892411 0.147786 49950
0.146542 -0.0150174 0.00892619 0.147579 49980
0.146312 -0.0152021 0.00892823 0.147371 50010
0.14608 -0.0153865 0.00893022 0.14716 50040
0.145845 -0.0155706 0.00893217 0.146946 50070
0.145608 -0.0157544 0.00893408 0.14673 50100
0.145367 -0.015938 0.00893595 0.146511 50130
0.145124 -0.0161213 0.00893778 0.14629 50160
0.144878 -0.0163043 0.00893956 0.146066 50190
0.144629 -0.016487 0.00894131 0.14584 50220
0.144378 -0.0166695 0.00894301 0.145612 50250
0.144123 -0.0168516 0.00894466 0.145381 50280
0.143866 -0.0170335 0.00894628 0.145147 50310
0.143607 -0.017215 0.00894785 0.144911 50340
0.143344 -0.0173963 0.00894938 0.144673 50370
0.143079 -0.0175772 0.00895087 0.144432 50400
0.142811 -0.0177578 0.00895231 0.144189 50430
0.142541 -0.0179381 0.00895371 0.143944 50460
0.142267 -0.0181181 0.00895507 0.143696 50490
0.141991 -0.0182978 0.00895639 0.143445 50520
0.141713 -0.0184772 0.00895766 0.143193 50550
0.141431 -0.0186562 0.0089589 0.142937 50580
0.141147 -0.0188349 0.00896008 0.14268 50610
0.14086 -0.0190133 0.00896123 0.14242 50640
0.140571 -0.0191913 0.00896233 0.142158 50670
0.140279 -0.019369 0.00896339 0.141893 50700
0.139984 -0.0195464 0.00896441 0.141626 50730
0.139686 -0.0197234 0.00896538 0.141356 50760
0.139386 -0.0199 0.00896632 0.141085 50790
0.139083 -0.0200763 0.0089672 0.140811 50820
0.138778 -0.0202523 0.00896805 0.140534 50850
0.13847 -0.0204279 0.00896885 0.140256 50880
0.138159 -0.0206031 0.00896961 0.139974 50910
0.137846 -0.020778 0.00897032 0.139691 50940
0.13753 -0.0209525 0.008971 0.139405 50970
0.137211 -0.0211267 0.00897163 0.139118 51000
0.13689 -0.0213005 0.00897221 0.138827 51030
0.136566 -0.0214738 0.00897275 0.138535 51060
0.136239 -0.0216469 0.00897325 0.13824 51090
0.13591 -0.0218195 0.00897371 0.137943 51120
0.135579 -0.0219917 0.00897412 0.137644 51150
0.135244 -0.0221636 0.00897449 0.137342 51180
0.134908 -0.0223351 0.00897482 0.137038 51210
0.134568 -0.0225061 0.0089751 0.136732 51240
0.134226 -0.0226768 0.00897534 0.136424 51270
0.133882 -0.0228471 0.00897553 0.136113 51300
0.133534 -0.023017 0.00897568 0.135801 51330
0.133185 -0.0231864 0.00897579 0.135486 51360
0.132833 -0.0233555 0.00897585 0.135169 51390
0.132478 -0.0235241 0.00897587 0.134849 51420
0.13212 -0.0236924 0.00897585 0.134528 51450
0.131761 -0.0238602 0.00897578 0.134204 51480
0.131398 -0.0240276 0.00897567 0.133878 51510
0.131033 -0.0241945 0.00897552 0.13355 51540
0.130666 -0.0243611 0.00897532 0.13322 51570
0.130296 -0.0245272 0.00897508 0.132888 51600
0.129924 -0.0246929 0.00897479 0.132554 51630
0.129549 -0.0248581 0.00897446 0.132217 51660
0.129172 -0.0250229 0.00897408 0.131879 51690
0.128792 -0.0251873 0.00897366 0.131538 51720
0.128409 -0.0253512 0.0089732 0.131195 51750
0.128025 -0.0255146 0.00897269 0.13085 51780
0.127637 -0.0256776 0.00897214 0.130503 51810
0.127248 -0.0258402 0.00897155 0.130154 51840
0.126856 -0.0260023 0.00897091 0.129803 51870
0.126461 -0.0261639 0.00897023 0.12945 51900
0.126064 -0.0263251 0.0089695 0.129095 51930
0.125665 -0.0264858 0.00896873 0.128738 51960
0.125263 -0.0266461 0.00896791 0.128379 51990
0.124859 -0.0268059 0.00896705 0.128018 52020
0.124452 -0.0269652 0.00896615 0.127655 52050
0.124043 -0.027124 0.0089652 0.12729 52080
0.123631 -0.0272823 0.0089642 0.126923 52110
0.123218 -0.0274402 0.00896316 0.126554 52140
0.122801 -0.0275976 0.00896208 0.126183 52170
0.122383 -0.0277545 0.00896096 0.12581 52200
0.121962 -0.0279109 0.00895978 0.125435 52230
0.121539 -0.0280668 0.00895857 0.125059 52260
0.121113 -0.0282222 0.00895731 0.12468 52290
0.120685 -0.0283771 0.008956 0.1243 52320
0.120255 -0.0285315 0.00895465 0.123917 52350
0.119822 -0.0286854 0.00895326 0.123533 52380
0.119387 -0.0288388 0.00895182 0.123147 52410
0.11895 -0.0289917 0.00895034 0.122759 52440
0.118511 -0.029144 0.00894881 0.122369 52470
0.118069 -0.0292959 0.00894724 0.121978 52500
0.117625 -0.0294472 0.00894562 0.121584 52530
0.117178 -0.029598 0.00894396 0.121189 52560
0.11673 -0.0297483 0.00894225 0.120792 52590
0.116279 -0.0298981 0.0089405 0.120393 52620
0.115826 -0.0300473 0.0089387 0.119993 52650
0.11537 -0.030196 0.00893686 0.119591 52680
0.114913 -0.0303442 0.00893497 0.119187 52710
0.114453 -0.0304918 0.00893304 0.118781 52740
0.113991 -0.0306389 0.00893106 0.118374 52770
0.113526 -0.0307855 0.00892904 0.117965 52800
0.11306 -0.0309315 0.00892697 0.117554 52830
0.112591 -0.0310769 0.00892486 0.117142 52860
0.11212 -0.0312218 0.00892271 0.116728 52890
0.111647 -0.0313662 0.00892051 0.116312 52920
0.111172 -0.03151 0.00891826 0.115895 52950
0.110695 -0.0316532 0.00891597 0.115476 52980
0.110215 -0.0317959 0.00891363 0.115056 53010
0.109733 -0.031938 0.00891125 0.114634 53040
0.10925 -0.0320796 0.00890882 0.11421 53070
0.108764 -0.0322205 0.00890635 0.113785 53100
0.108276 -0.0323609 0.00890383 0.113358 53130
0.107785 -0.0325008 0.00890127 0.11293 53160
0.107293 -0.03264 0.00889866 0.112501 53190
0.106799 -0.0327787 0.00889601 0.112069 53220
0.106302 -0.0329168 0.00889331 0.111637 53250
0.105804 -0.0330543 0.00889057 0.111203 53280
0.105303 -0.0331913 0.00888778 0.110767 53310
0.1048 -0.0333276 0.00888495 0.11033 53340
0.104296 -0.0334634 0.00888207 0.109892 53370
0.103789 -0.0335985 0.00887914 0.109452 53400
0.10328 -0.0337331 0.00887617 0.109011 53430
0.102769 -0.0338671 0.00887316 0.108569 53460
0.102256 -0.0340004 0.00887009 0.108125 53490
0.101742 -0.0341332 0.00886699 0.10768 53520
0.101225 -0.0342654 0.00886384 0.107234 53550
0.100706 -0.0343969 0.00886064 0.106786 53580
0.100185 -0.0345279 0.0088574 0.106337 53610
0.0996622 -0.0346582 0.00885411 0.105887 53640
0.0991375 -0.0347879 0.00885077 0.105436 53670
0.0986108 -0.034917 0.0088474 0.104984 53700
0.0980821 -0.0350455 0.00884397 0.10453 53730
0.0975515 -0.0351733 0.0088405 0.104075 53760
0.097019 -0.0353006 0.00883699 0.103619 53790
0.0964846 -0.0354272 0.00883342 0.103162 53820
0.0959483 -0.0355532 0.00882982 0.102704 53850
0.0954101 -0.0356785 0.00882616 0.102245 53880
0.09487 -0.0358032 0.00882247 0.101784 53910
0.094328 -0.0359273 0.00881872 0.101323 53940
0.0937841 -0.0360508 0.00881493 0.10086 53970
0.0932384 -0.0361736 0.0088111 0.100397 54000
0.0926909 -0.0362957 0.00880722 0.0999327 54030
0.0921415 -0.0364173 0.00880329 0.0994674 54060
0.0915903 -0.0365381 0.00879932 0.0990012 54090
0.0910372 -0.0366584 0.0087953 0.0985341 54120
0.0904824 -0.0367779 0.00879124 0.0980661 54150
0.0899257 -0.0368969 0.00878713 0.0975973 54180
0.0893673 -0.0370151 0.00878297 0.0971276 54210
0.0888071 -0.0371327 0.00877877 0.0966571 54240
0.0882451 -0.0372497 0.00877453 0.0961859 54270
0.0876813 -0.037366 0.00877023 0.0957139 54300
0.0871158 -0.0374816 0.0087659 0.0952411 54330
0.0865486 -0.0375966 0.00876151 0.0947677 54360
0.0859796 -0.0377109 0.00875708 0.0942936 54390
0.0854089 -0.0378245 0.00875261 0.0938189 54420
0.0848365 -0.0379375 0.00874808 0.0933435 54450
0.0842624 -0.0380497 0.00874352 0.0928676 54480
0.0836866 -0.0381613 0.0087389 0.092391 54510
0.0831091 -0.0382723 0.00873425 0.091914 54540
0.08253 -0.0383825 0.00872954 0.0914364 54570
0.0819492 -0.0384921 0.00872479 0.0909584 54600
0.0813667 -0.038601 0.00871999 0.0904799 54630
0.0807826 -0.0387092 0.00871515 0.090001 54660
0.0801969 -0.0388167 0.00871026 0.0895218 54690
0.0796095 -0.0389235 0.00870533 0.0890421 54720
0.0790206 -0.0390297 0.00870035 0.0885622 54750
0.07843 -0.0391351 0.00869532 0.088082 54780
0.0778379 -0.0392399 0.00869025 0.0876015 54810
0.0772442 -0.0393439 0.00868513 0.0871208 54840
0.0766489 -0.0394473 0.00867997 0.08664 54870
0.0760521 -0.0395499 0.00867476 0.0861589 54900
0.0754537 -0.0396519 0.0086695 0.0856778 54930
0.0748538 -0.0397531 0.0086642 0.0851966 54960
0.0742523 -0.0398536 0.00865885 0.0847154 54990
0.0736494 -0.0399535 0.00865346 0.0842341 55020
0.0730449 -0.0400526 0.00864802 0.0837529 55050
0.0724389 -0.040151 0.00864253 0.0832718 55080
0.0718315 -0.0402487 0.008637 0.0827908 55110
0.0712226 -0.0403457 0.00863143 0.08231 55140
0.0706122 -0.0404419 0.0086258 0.0818293 55170
0.0700004 -0.0405375 0.00862013 0.0813489 55200
0.0693871 -0.0406323 0.00861442 0.0808688 55230
0.0687724 -0.0407264 0.00860865 0.0803891 55260
0.0681563 -0.0408198 0.00860285 0.0799096 55290
0.0675388 -0.0409125 0.00859699 0.0794307 55320
0.0669199 -0.0410044 0.00859109 0.0789521 55350
0.0662996 -0.0410956 0.00858515 0.0784741 55380
0.0656779 -0.0411861 0.00857916 0.0779967 55410
0.0650549 -0.0412758 0.00857312 0.0775199 55440
0.0644305 -0.0413648 0.00856703 0.0770437 55470
0.0638048 -0.0414531 0.00856091 0.0765683 55500
0.0631777 -0.0415406 0.00855473 0.0760936 55530
0.0625494 -0.0416274 0.00854851 0.0756197 55560
0.0619197 -0.0417135 0.00854224 0.0751467 55590
0.0612887 -0.0417988 0.00853593 0.0746747 55620
0.0606564 -0.0418834 0.00852957 0.0742036 55650
0.0600229 -0.0419672 0.00852316 0.0737335 55680
0.0593881 -0.0420503 0.00851671 0.0732646 55710
0.058752 -0.0421326 0.00851021 0.0727968 55740
0.0581147 -0.0422142 0.00850367 0.0723303 55770
0.0574762 -0.042295 0.00849707 0.071865 55800
0.0568364 -0.0423751 0.00849044 0.0714011 55830
0.0561955 -0.0424545 0.00848376 0.0709386 55860
0.0555533 -0.042533 0.00847703 0.0704776 55890
0.05491 -0.0426109 0.00847025 0.0700181 55920
0.0542654 -0.0426879 0.00846343 0.0695602 55950
0.0536198 -0.0427642 0.00845657 0.0691041 55980
0.0529729 -0.0428398 0.00844965 0.0686497 56010
0.052325 -0.0429145 0.0084427 0.0681971 56040
0.0516759 -0.0429886 0.00843569 0.0677464 56070
0.0510257 -0.0430618 0.00842864 0.0672977 56100
0.0503744 -0.0431343 0.00842154 0.0668511 56130
0.0497219 -0.043206 0.0084144 0.0664066 56160
0.0490685 -0.043277 0.00840721 0.0659643 56190
0.0484139 -0.0433472 0.00839998 0.0655244 56220
0.0477583 -0.0434166 0.0083927 0.0650868 56250
0.0471016 -0.0434852 0.00838537 0.0646517 56280
0.0464439 -0.0435531 0.008378 0.0642191 56310
0.0457852 -0.0436202 0.00837058 0.0637893 56340
0.0451254 -0.0436865 0.00836312 0.0633621 56370
0.0444647 -0.043752 0.00835561 0.0629378 56400
0.043803 -0.0438168 0.00834805 0.0625164 56430
0.0431402 -0.0438808 0.00834045 0.062098 56460
0.0424766 -0.043944 0.0083328 0.0616828 56490
0.0418119 -0.0440064 0.00832511 0.0612708 56520
0.0411464 -0.0440681 0.00831736 0.0608621 56550
0.0404799 -0.0441289 0.00830958 0.0604568 56580
0.0398124 -0.044189 0.00830175 0.0600551 56610
0.0391441 -0.0442483 0.00829387 0.059657 56640
0.0384749 -0.0443068 0.00828594 0.0592627 56670
0.0378048 -0.0443645 0.00827797 0.0588722 56700
0.0371338 -0.0444214 0.00826996 0.0584856 56730
0.0364619 -0.0444775 0.0082619 0.0581032 56760
0.0357893 -0.0445328 0.00825379 0.057725 56790
0.0351157 -0.0445874 0.00824564 0.057351 56820
0.0344414 -0.0446411 0.00823744 0.0569815 56850
0.0337662 -0.0446941 0.00822919 0.0566166 56880
0.0330903 -0.0447463 0.0082209 0.0562563 56910
0.0324135 -0.0447976 0.00821256 0.0559009 56940
0.031736 -0.0448482 0.00820418 0.0555504 56970
0.0310577 -0.044898 0.00819575 0.0552049 57000
0.0303786 -0.0449469 0.00818728 0.0548646 57030
0.0296989 -0.0449951 0.00817876 0.0545296 57060
0.0290183 -0.0450425 0.00817019 0.0542 57090
0.0283371 -0.045089 0.00816158 0.053876 57120
0.0276552 -0.0451348 0.00815292 0.0535577 57150
0.0269726 -0.0451798 0.00814422 0.0532453 57180
0.0262892 -0.0452239 0.00813547 0.0529388 57210
0.0256053 -0.0452673 0.00812668 0.0526384 57240
0.0249206 -0.0453098 0.00811784 0.0523442 57270
0.0242354 -0.0453516 0.00810895 0.0520564 57300
0.0235494 -0.0453925 0.00810002 0.0517751 57330
0.0228629 -0.0454326 0.00809104 0.0515005 57360
0.0221758 -0.0454719 0.00808202 0.0512326 57390
0.0214881 -0.0455104 0.00807295 0.0509716 57420
0.0207997 -0.0455481 0.00806383 0.0507177 57450
0.0201108 -0.045585 0.00805467 0.050471 57480
0.0194214 -0.0456211 0.00804547 0.0502315 57510
0.0187314 -0.0456563 0.00803622 0.0499995 57540
0.0180409 -0.0456908 0.00802692 0.049775 57570
