-0.00303993 -0.00146084 0.0190711 0.019367 0
-0.00304645 -0.00145516 0.0190703 0.0193668 30
-0.00305295 -0.00144946 0.0190695 0.0193666 60
-0.00305944 -0.00144374 0.0190687 0.0193664 90
-0.00306592 -0.001438 0.0190678 0.0193662 120
-0.00307239 -0.00143224 0.019067 0.019366 150
-0.00307885 -0.00142645 0.0190662 0.0193658 180
-0.0030853 -0.00142065 0.0190654 0.0193656 210
-0.00309174 -0.00141482 0.0190646 0.0193654 240
-0.00309816 -0.00140897 0.0190638 0.0193652 270
-0.00310458 -0.0014031 0.019063 0.019365 300
-0.00311098 -0.00139722 0.0190621 0.0193648 330
-0.00311738 -0.00139131 0.0190613 0.0193646 360
-0.00312376 -0.00138538 0.0190605 0.0193644 390
-0.00313014 -0.00137942 0.0190597 0.0193642 420
-0.0031365 -0.00137345 0.0190589 0.019364 450
-0.00314285 -0.00136746 0.0190581 0.0193639 480
-0.00314919 -0.00136145 0.0190573 0.0193637 510
-0.00315552 -0.00135541 0.0190565 0.0193635 540
-0.00316183 -0.00134936 0.0190557 0.0193633 570
-0.00316814 -0.00134328 0.0190549 0.0193631 600
-0.00317443 -0.00133719 0.0190541 0.0193629 630
-0.00318071 -0.00133107 0.0190533 0.0193628 660
-0.00318698 -0.00132493 0.0190525 0.0193626 690
-0.00319324 -0.00131878 0.0190517 0.0193624 720
-0.00319949 -0.0013126 0.0190509 0.0193622 750
-0.00320573 -0.0013064 0.0190501 0.0193621 780
-0.00321195 -0.00130018 0.0190493 0.0193619 810
-0.00321816 -0.00129394 0.0190485 0.0193617 840
-0.00322436 -0.00128768 0.0190477 0.0193616 870
-0.00323055 -0.0012814 0.0190469 0.0193614 900
-0.00323672 -0.0012751 0.0190461 0.0193612 930
-0.00324289 -0.00126878 0.0190453 0.0193611 960
-0.00324904 -0.00126243 0.0190445 0.0193609 990
-0.00325518 -0.00125607 0.0190438 0.0193607 1020
-0.00326131 -0.00124969 0.019043 0.0193606 1050
-0.00326742 -0.00124329 0.0190422 0.0193604 1080
-0.00327352 -0.00123686 0.0190414 0.0193603 1110
-0.00327961 -0.00123042 0.0190406 0.0193601 1140
-0.00328569 -0.00122396 0.0190398 0.01936 1170
-0.00329176 -0.00121747 0.019039 0.0193598 1200
-0.00329781 -0.00121097 0.0190382 0.0193597 1230
-0.00330385 -0.00120444 0.0190375 0.0193595 1260
-0.00330987 -0.0011979 0.0190367 0.0193594 1290
-0.00331589 -0.00119134 0.0190359 0.0193592 1320
-0.00332189 -0.00118475 0.0190351 0.0193591 1350
-0.00332788 -0.00117815 0.0190343 0.019359 1380
-0.00333385 -0.00117152 0.0190336 0.0193588 1410
-0.00333981 -0.00116488 0.0190328 0.0193587 1440
-0.00334576 -0.00115821 0.019032 0.0193585 1470
-0.0033517 -0.00115153 0.0190312 0.0193584 1500
-0.00335762 -0.00114482 0.0190305 0.0193583 1530
-0.00336353 -0.0011381 0.0190297 0.0193581 1560
-0.00336943 -0.00113136 0.0190289 0.019358 1590
-0.00337531 -0.00112459 0.0190281 0.0193579 1620
-0.00338118 -0.00111781 0.0190274 0.0193578 1650
-0.00338703 -0.001111 0.0190266 0.0193576 1680
-0.00339288 -0.00110418 0.0190258 0.0193575 1710
-0.00339871 -0.00109734 0.0190251 0.0193574 1740
-0.00340452 -0.00109047 0.0190243 0.0193573 1770
-0.00341032 -0.00108359 0.0190235 0.0193571 1800
-0.00341611 -0.00107669 0.0190228 0.019357 1830
-0.00342188 -0.00106977 0.019022 0.0193569 1860
-0.00342764 -0.00106283 0.0190212 0.0193568 1890
-0.00343339 -0.00105587 0.0190205 0.0193567 1920
-0.00343912 -0.00104888 0.0190197 0.0193566 1950
-0.00344484 -0.00104188 0.0190189 0.0193565 1980
-0.00345054 -0.00103486 0.0190182 0.0193564 2010
-0.00345623 -0.00102783 0.0190174 0.0193562 2040
-0.0034619 -0.00102077 0.0190167 0.0193561 2070
-0.00346756 -0.00101369 0.0190159 0.019356 2100
-0.00347321 -0.00100659 0.0190151 0.0193559 2130
-0.00347884 -0.000999475 0.0190144 0.0193558 2160
-0.00348446 -0.000992339 0.0190136 0.0193557 2190
-0.00349006 -0.000985184 0.0190129 0.0193556 2220
-0.00349565 -0.000978009 0.0190121 0.0193555 2250
-0.00350122 -0.000970815 0.0190114 0.0193554 2280
-0.00350678 -0.000963602 0.0190106 0.0193554 2310
-0.00351233 -0.00095637 0.0190099 0.0193553 2340
-0.00351786 -0.000949119 0.0190091 0.0193552 2370
-0.00352337 -0.000941848 0.0190084 0.0193551 2400
-0.00352887 -0.000934559 0.0190076 0.019355 2430
-0.00353436 -0.00092725 0.0190069 0.0193549 2460
-0.00353983 -0.000919922 0.0190061 0.0193548 2490
-0.00354528 -0.000912576 0.0190054 0.0193548 2520
-0.00355072 -0.00090521 0.0190046 0.0193547 2550
-0.00355614 -0.000897825 0.0190039 0.0193546 2580
-0.00356155 -0.000890422 0.0190032 0.0193545 2610
-0.00356695 -0.000883 0.0190024 0.0193544 2640
-0.00357232 -0.000875558 0.0190017 0.0193544 2670
-0.00357769 -0.000868098 0.0190009 0.0193543 2700
-0.00358303 -0.00086062 0.0190002 0.0193542 2730
-0.00358837 -0.000853122 0.0189994 0.0193542 2760
-0.00359368 -0.000845606 0.0189987 0.0193541 2790
-0.00359898 -0.000838071 0.018998 0.019354 2820
-0.00360427 -0.000830518 0.0189972 0.019354 2850
-0.00360954 -0.000822945 0.0189965 0.0193539 2880
-0.00361479 -0.000815355 0.0189958 0.0193538 2910
-0.00362003 -0.000807745 0.018995 0.0193538 2940
-0.00362525 -0.000800117 0.0189943 0.0193537 2970
-0.00363045 -0.000792471 0.0189936 0.0193537 3000
-0.00363564 -0.000784806 0.0189928 0.0193536 3030
-0.00364082 -0.000777123 0.0189921 0.0193535 3060
-0.00364597 -0.000769422 0.0189914 0.0193535 3090
-0.00365111 -0.000761702 0.0189907 0.0193534 3120
-0.00365624 -0.000753964 0.0189899 0.0193534 3150
-0.00366135 -0.000746207 0.0189892 0.0193533 3180
-0.00366644 -0.000738432 0.0189885 0.0193533 3210
-0.00367151 -0.000730639 0.0189877 0.0193533 3240
-0.00367657 -0.000722828 0.018987 0.0193532 3270
-0.00368162 -0.000714999 0.0189863 0.0193532 3300
-0.00368664 -0.000707152 0.0189856 0.0193531 3330
-0.00369165 -0.000699286 0.0189849 0.0193531 3360
-0.00369664 -0.000691403 0.0189841 0.0193531 3390
-0.00370162 -0.000683501 0.0189834 0.019353 3420
-0.00370658 -0.000675581 0.0189827 0.019353 3450
-0.00371152 -0.000667644 0.018982 0.019353 3480
-0.00371645 -0.000659689 0.0189813 0.0193529 3510
-0.00372136 -0.000651716 0.0189806 0.0193529 3540
-0.00372625 -0.000643725 0.0189798 0.0193529 3570
-0.00373112 -0.000635716 0.0189791 0.0193528 3600
-0.00373598 -0.000627689 0.0189784 0.0193528 3630
-0.00374082 -0.000619645 0.0189777 0.0193528 3660
-0.00374564 -0.000611583 0.018977 0.0193528 3690
-0.00375045 -0.000603503 0.0189763 0.0193528 3720
-0.00375524 -0.000595406 0.0189756 0.0193527 3750
-0.00376001 -0.000587291 0.0189749 0.0193527 3780
-0.00376476 -0.000579159 0.0189742 0.0193527 3810
-0.0037695 -0.000571009 0.0189734 0.0193527 3840
-0.00377421 -0.000562842 0.0189727 0.0193527 3870
-0.00377891 -0.000554657 0.018972 0.0193527 3900
-0.0037836 -0.000546455 0.0189713 0.0193527 3930
-0.00378826 -0.000538236 0.0189706 0.0193527 3960
-0.00379291 -0.000529999 0.0189699 0.0193527 3990
-0.00379754 -0.000521745 0.0189692 0.0193526 4020
-0.00380215 -0.000513474 0.0189685 0.0193526 4050
-0.00380675 -0.000505186 0.0189678 0.0193526 4080
-0.00381132 -0.00049688 0.0189671 0.0193526 4110
-0.00381588 -0.000488557 0.0189664 0.0193526 4140
-0.00382042 -0.000480218 0.0189657 0.0193527 4170
-0.00382494 -0.000471861 0.018965 0.0193527 4200
-0.00382945 -0.000463487 0.0189643 0.0193527 4230
-0.00383393 -0.000455096 0.0189636 0.0193527 4260
-0.0038384 -0.000446688 0.018963 0.0193527 4290
-0.00384285 -0.000438264 0.0189623 0.0193527 4320
-0.00384728 -0.000429823 0.0189616 0.0193527 4350
-0.00385169 -0.000421364 0.0189609 0.0193527 4380
-0.00385609 -0.000412889 0.0189602 0.0193527 4410
-0.00386046 -0.000404398 0.0189595 0.0193528 4440
-0.00386482 -0.000395889 0.0189588 0.0193528 4470
-0.00386916 -0.000387364 0.0189581 0.0193528 4500
-0.00387347 -0.000378823 0.0189574 0.0193528 4530
-0.00387777 -0.000370265 0.0189568 0.0193528 4560
-0.00388206 -0.00036169 0.0189561 0.0193529 4590
-0.00388632 -0.000353099 0.0189554 0.0193529 4620
-0.00389056 -0.000344491 0.0189547 0.0193529 4650
-0.00389479 -0.000335867 0.018954 0.019353 4680
-0.00389899 -0.000327227 0.0189533 0.019353 4710
-0.00390318 -0.00031857 0.0189527 0.019353 4740
-0.00390735 -0.000309897 0.018952 0.0193531 4770
-0.0039115 -0.000301208 0.0189513 0.0193531 4800
-0.00391563 -0.000292503 0.0189506 0.0193531 4830
-0.00391974 -0.000283782 0.0189499 0.0193532 4860
-0.00392383 -0.000275044 0.0189493 0.0193532 4890
-0.0039279 -0.00026629 0.0189486 0.0193533 4920
-0.00393195 -0.000257521 0.0189479 0.0193533 4950
-0.00393599 -0.000248735 0.0189473 0.0193533 4980
-0.00394 -0.000239934 0.0189466 0.0193534 5010
-0.00394399 -0.000231116 0.0189459 0.0193534 5040
-0.00394797 -0.000222283 0.0189452 0.0193535 5070
-0.00395192 -0.000213434 0.0189446 0.0193535 5100
-0.00395586 -0.000204569 0.0189439 0.0193536 5130
-0.00395977 -0.000195688 0.0189432 0.0193537 5160
-0.00396367 -0.000186792 0.0189426 0.0193537 5190
-0.00396754 -0.00017788 0.0189419 0.0193538 5220
-0.0039714 -0.000168953 0.0189412 0.0193538 5250
-0.00397524 -0.00016001 0.0189406 0.0193539 5280
-0.00397905 -0.000151052 0.0189399 0.019354 5310
-0.00398285 -0.000142078 0.0189392 0.019354 5340
-0.00398662 -0.000133088 0.0189386 0.0193541 5370
-0.00399038 -0.000124084 0.0189379 0.0193542 5400
-0.00399412 -0.000115064 0.0189373 0.0193542 5430
-0.00399783 -0.000106028 0.0189366 0.0193543 5460
-0.00400153 -9.69779e-05 0.0189359 0.0193544 5490
-0.0040052 -8.79122e-05 0.0189353 0.0193544 5520
-0.00400885 -7.88314e-05 0.0189346 0.0193545 5550
-0.00401249 -6.97355e-05 0.018934 0.0193546 5580
-0.0040161 -6.06246e-05 0.0189333 0.0193547 5610
-0.00401969 -5.14986e-05 0.0189327 0.0193548 5640
-0.00402327 -4.23577e-05 0.018932 0.0193548 5670
-0.00402682 -3.32019e-05 0.0189314 0.0193549 5700
-0.00403035 -2.40312e-05 0.0189307 0.019355 5730
-0.00403386 -1.48458e-05 0.0189301 0.0193551 5760
-0.00403735 -5.64552e-06 0.0189294 0.0193552 5790
-0.00404082 3.56946e-06 0.0189288 0.0193553 5820
-0.00404427 1.27991e-05 0.0189281 0.0193554 5850
-0.00404769 2.20434e-05 0.0189275 0.0193555 5880
-0.0040511 3.13022e-05 0.0189268 0.0193556 5910
-0.00405449 4.05756e-05 0.0189262 0.0193556 5940
-0.00405785 4.98635e-05 0.0189255 0.0193557 5970
-0.00406119 5.91658e-05 0.0189249 0.0193558 6000
-0.00406452 6.84826e-05 0.0189243 0.0193559 6030
-0.00406782 7.78136e-05 0.0189236 0.019356 6060
-0.0040711 8.7159e-05 0.018923 0.0193562 6090
-0.00407436 9.65186e-05 0.0189223 0.0193563 6120
-0.00407759 0.000105892 0.0189217 0.0193564 6150
-0.00408081 0.00011528 0.0189211 0.0193565 6180
-0.004084 0.000124682 0.0189204 0.0193566 6210
-0.00408718 0.000134099 0.0189198 0.0193567 6240
-0.00409033 0.000143529 0.0189192 0.0193568 6270
-0.00409346 0.000152973 0.0189185 0.0193569 6300
-0.00409657 0.000162431 0.0189179 0.019357 6330
-0.00409965 0.000171903 0.0189173 0.0193572 6360
-0.00410272 0.000181388 0.0189166 0.0193573 6390
-0.00410576 0.000190888 0.018916 0.0193574 6420
-0.00410878 0.000200401 0.0189154 0.0193575 6450
-0.00411178 0.000209928 0.0189147 0.0193576 6480
-0.00411476 0.000219468 0.0189141 0.0193578 6510
-0.00411772 0.000229022 0.0189135 0.0193579 6540
-0.00412065 0.00023859 0.0189129 0.019358 6570
-0.00412356 0.000248171 0.0189122 0.0193582 6600
-0.00412646 0.000257765 0.0189116 0.0193583 6630
-0.00412932 0.000267373 0.018911 0.0193584 6660
-0.00413217 0.000276994 0.0189104 0.0193586 6690
-0.00413499 0.000286629 0.0189097 0.0193587 6720
-0.0041378 0.000296276 0.0189091 0.0193588 6750
-0.00414058 0.000305937 0.0189085 0.019359 6780
-0.00414333 0.000315611 0.0189079 0.0193591 6810
-0.00414607 0.000325298 0.0189073 0.0193593 6840
-0.00414878 0.000334998 0.0189067 0.0193594 6870
-0.00415147 0.000344711 0.018906 0.0193595 6900
-0.00415414 0.000354437 0.0189054 0.0193597 6930
-0.00415678 0.000364175 0.0189048 0.0193598 6960
-0.00415941 0.000373927 0.0189042 0.01936 6990
-0.00416201 0.000383691 0.0189036 0.0193601 7020
-0.00416458 0.000393468 0.018903 0.0193603 7050
-0.00416714 0.000403258 0.0189024 0.0193604 7080
-0.00416967 0.00041306 0.0189018 0.0193606 7110
-0.00417218 0.000422875 0.0189011 0.0193608 7140
-0.00417467 0.000432702 0.0189005 0.0193609 7170
-0.00417713 0.000442542 0.0188999 0.0193611 7200
-0.00417957 0.000452394 0.0188993 0.0193612 7230
-0.00418199 0.000462258 0.0188987 0.0193614 7260
-0.00418439 0.000472135 0.0188981 0.0193616 7290
-0.00418676 0.000482024 0.0188975 0.0193617 7320
-0.00418911 0.000491925 0.0188969 0.0193619 7350
-0.00419143 0.000501839 0.0188963 0.0193621 7380
-0.00419374 0.000511764 0.0188957 0.0193623 7410
-0.00419602 0.000521701 0.0188951 0.0193624 7440
-0.00419827 0.000531651 0.0188945 0.0193626 7470
-0.00420051 0.000541612 0.0188939 0.0193628 7500
-0.00420272 0.000551585 0.0188933 0.019363 7530
-0.0042049 0.00056157 0.0188927 0.0193631 7560
-0.00420707 0.000571567 0.0188921 0.0193633 7590
-0.00420921 0.000581575 0.0188915 0.0193635 7620
-0.00421132 0.000591595 0.0188909 0.0193637 7650
-0.00421342 0.000601627 0.0188903 0.0193639 7680
-0.00421549 0.00061167 0.0188898 0.0193641 7710
-0.00421753 0.000621725 0.0188892 0.0193643 7740
-0.00421956 0.000631791 0.0188886 0.0193645 7770
-0.00422155 0.000641868 0.018888 0.0193646 7800
-0.00422353 0.000651957 0.0188874 0.0193648 7830
-0.00422548 0.000662057 0.0188868 0.019365 7860
-0.00422741 0.000672168 0.0188862 0.0193652 7890
-0.00422931 0.000682291 0.0188856 0.0193654 7920
-0.00423119 0.000692424 0.0188851 0.0193656 7950
-0.00423305 0.000702569 0.0188845 0.0193658 7980
-0.00423488 0.000712724 0.0188839 0.019366 8010
-0.00423669 0.000722891 0.0188833 0.0193662 8040
-0.00423847 0.000733068 0.0188827 0.0193664 8070
-0.00424023 0.000743256 0.0188821 0.0193667 8100
-0.00424197 0.000753455 0.0188816 0.0193669 8130
-0.00424368 0.000763665 0.018881 0.0193671 8160
-0.00424537 0.000773885 0.0188804 0.0193673 8190
-0.00424703 0.000784116 0.0188798 0.0193675 8220
-0.00424867 0.000794357 0.0188793 0.0193677 8250
-0.00425029 0.000804609 0.0188787 0.0193679 8280
-0.00425188 0.000814872 0.0188781 0.0193682 8310
-0.00425345 0.000825144 0.0188775 0.0193684 8340
-0.00425499 0.000835427 0.018877 0.0193686 8370
-0.00425651 0.000845721 0.0188764 0.0193688 8400
-0.004258 0.000856024 0.0188758 0.019369 8430
-0.00425947 0.000866338 0.0188753 0.0193693 8460
-0.00426092 0.000876661 0.0188747 0.0193695 8490
-0.00426234 0.000886995 0.0188741 0.0193697 8520
-0.00426373 0.000897339 0.0188736 0.01937 8550
-0.0042651 0.000907693 0.018873 0.0193702 8580
-0.00426645 0.000918056 0.0188724 0.0193704 8610
-0.00426777 0.000928429 0.0188719 0.0193707 8640
-0.00426907 0.000938812 0.0188713 0.0193709 8670
-0.00427034 0.000949205 0.0188707 0.0193711 8700
-0.00427159 0.000959607 0.0188702 0.0193714 8730
-0.00427281 0.000970019 0.0188696 0.0193716 8760
-0.00427401 0.00098044 0.0188691 0.0193719 8790
-0.00427518 0.000990871 0.0188685 0.0193721 8820
-0.00427633 0.00100131 0.0188679 0.0193724 8850
-0.00427745 0.00101176 0.0188674 0.0193726 8880
-0.00427855 0.00102222 0.0188668 0.0193729 8910
-0.00427962 0.00103269 0.0188663 0.0193731 8940
-0.00428067 0.00104317 0.0188657 0.0193734 8970
-0.00428169 0.00105365 0.0188652 0.0193736 9000
-0.00428269 0.00106415 0.0188646 0.0193739 9030
-0.00428366 0.00107465 0.0188641 0.0193741 9060
-0.00428461 0.00108516 0.0188635 0.0193744 9090
-0.00428553 0.00109569 0.018863 0.0193747 9120
-0.00428643 0.00110622 0.0188624 0.0193749 9150
-0.0042873 0.00111676 0.0188619 0.0193752 9180
-0.00428815 0.0011273 0.0188613 0.0193755 9210
-0.00428897 0.00113786 0.0188608 0.0193757 9240
-0.00428976 0.00114843 0.0188602 0.019376 9270
-0.00429053 0.001159 0.0188597 0.0193763 9300
-0.00429128 0.00116958 0.0188591 0.0193765 9330
-0.00429199 0.00118017 0.0188586 0.0193768 9360
-0.00429269 0.00119077 0.0188581 0.0193771 9390
-0.00429336 0.00120138 0.0188575 0.0193774 9420
-0.004294 0.001212 0.018857 0.0193776 9450
-0.00429461 0.00122262 0.0188564 0.0193779 9480
-0.00429521 0.00123325 0.0188559 0.0193782 9510
-0.00429577 0.00124389 0.0188554 0.0193785 9540
-0.00429631 0.00125454 0.0188548 0.0193788 9570
-0.00429682 0.00126519 0.0188543 0.0193791 9600
-0.00429731 0.00127586 0.0188538 0.0193793 9630
-0.00429777 0.00128653 0.0188532 0.0193796 9660
-0.00429821 0.00129721 0.0188527 0.0193799 9690
-0.00429862 0.0013079 0.0188522 0.0193802 9720
-0.00429901 0.00131859 0.0188516 0.0193805 9750
-0.00429936 0.00132929 0.0188511 0.0193808 9780
-0.0042997 0.00134 0.0188506 0.0193811 9810
-0.0043 0.00135072 0.01885 0.0193814 9840
-0.00430028 0.00136144 0.0188495 0.0193817 9870
-0.00430054 0.00137217 0.018849 0.019382 9900
-0.00430077 0.00138291 0.0188485 0.0193823 9930
-0.00430097 0.00139366 0.0188479 0.0193826 9960
-0.00430115 0.00140441 0.0188474 0.0193829 9990
-0.0043013 0.00141517 0.0188469 0.0193832 10020
-0.00430142 0.00142593 0.0188464 0.0193835 10050
-0.00430152 0.00143671 0.0188459 0.0193838 10080
-0.00430159 0.00144749 0.0188453 0.0193842 10110
-0.00430163 0.00145828 0.0188448 0.0193845 10140
-0.00430165 0.00146907 0.0188443 0.0193848 10170
-0.00430164 0.00147987 0.0188438 0.0193851 10200
-0.00430161 0.00149068 0.0188433 0.0193854 10230
-0.00430155 0.00150149 0.0188427 0.0193857 10260
-0.00430146 0.00151231 0.0188422 0.0193861 10290
-0.00430135 0.00152314 0.0188417 0.0193864 10320
-0.00430121 0.00153397 0.0188412 0.0193867 10350
-0.00430104 0.00154481 0.0188407 0.019387 10380
-0.00430085 0.00155565 0.0188402 0.0193874 10410
-0.00430063 0.00156651 0.0188397 0.0193877 10440
-0.00430039 0.00157736 0.0188392 0.019388 10470
-0.00430011 0.00158823 0.0188387 0.0193884 10500
-0.00429981 0.0015991 0.0188382 0.0193887 10530
-0.00429949 0.00160997 0.0188376 0.019389 10560
-0.00429914 0.00162085 0.0188371 0.0193894 10590
-0.00429876 0.00163174 0.0188366 0.0193897 10620
-0.00429835 0.00164263 0.0188361 0.01939 10650
-0.00429792 0.00165353 0.0188356 0.0193904 10680
-0.00429746 0.00166443 0.0188351 0.0193907 10710
-0.00429697 0.00167534 0.0188346 0.0193911 10740
-0.00429646 0.00168626 0.0188341 0.0193914 10770
-0.00429592 0.00169718 0.0188336 0.0193918 10800
-0.00429535 0.0017081 0.0188331 0.0193921 10830
-0.00429476 0.00171903 0.0188326 0.0193925 10860
-0.00429413 0.00172997 0.0188321 0.0193928 10890
-0.00429349 0.00174091 0.0188316 0.0193932 10920
-0.00429281 0.00175186 0.0188311 0.0193935 10950
-0.00429211 0.00176281 0.0188307 0.0193939 10980
-0.00429138 0.00177376 0.0188302 0.0193943 11010
-0.00429062 0.00178473 0.0188297 0.0193946 11040
-0.00428984 0.00179569 0.0188292 0.019395 11070
-0.00428903 0.00180666 0.0188287 0.0193953 11100
-0.00428819 0.00181764 0.0188282 0.0193957 11130
-0.00428733 0.00182862 0.0188277 0.0193961 11160
-0.00428644 0.0018396 0.0188272 0.0193964 11190
-0.00428552 0.00185059 0.0188267 0.0193968 11220
-0.00428457 0.00186158 0.0188263 0.0193972 11250
-0.0042836 0.00187258 0.0188258 0.0193976 11280
-0.0042826 0.00188358 0.0188253 0.0193979 11310
-0.00428157 0.00189459 0.0188248 0.0193983 11340
-0.00428051 0.0019056 0.0188243 0.0193987 11370
-0.00427943 0.00191661 0.0188238 0.0193991 11400
-0.00427832 0.00192763 0.0188234 0.0193994 11430
-0.00427718 0.00193865 0.0188229 0.0193998 11460
-0.00427602 0.00194967 0.0188224 0.0194002 11490
-0.00427482 0.0019607 0.0188219 0.0194006 11520
-0.0042736 0.00197174 0.0188214 0.019401 11550
-0.00427236 0.00198277 0.018821 0.0194014 11580
-0.00427108 0.00199381 0.0188205 0.0194018 11610
-0.00426978 0.00200486 0.01882 0.0194022 11640
-0.00426845 0.00201591 0.0188196 0.0194026 11670
-0.00426709 0.00202696 0.0188191 0.0194029 11700
-0.0042657 0.00203801 0.0188186 0.0194033 11730
-0.00426429 0.00204907 0.0188181 0.0194037 11760
-0.00426285 0.00206013 0.0188177 0.0194041 11790
-0.00426138 0.00207119 0.0188172 0.0194045 11820
-0.00425989 0.00208226 0.0188167 0.0194049 11850
-0.00425836 0.00209333 0.0188163 0.0194054 11880
-0.00425681 0.0021044 0.0188158 0.0194058 11910
-0.00425523 0.00211548 0.0188153 0.0194062 11940
-0.00425363 0.00212656 0.0188149 0.0194066 11970
-0.00425199 0.00213764 0.0188144 0.019407 12000
-0.00425033 0.00214872 0.0188139 0.0194074 12030
-0.00424864 0.00215981 0.0188135 0.0194078 12060
-0.00424692 0.0021709 0.018813 0.0194082 12090
-0.00424518 0.00218199 0.0188126 0.0194086 12120
-0.0042434 0.00219308 0.0188121 0.0194091 12150
-0.0042416 0.00220418 0.0188117 0.0194095 12180
-0.00423977 0.00221528 0.0188112 0.0194099 12210
-0.00423791 0.00222638 0.0188107 0.0194103 12240
-0.00423603 0.00223748 0.0188103 0.0194107 12270
-0.00423412 0.00224858 0.0188098 0.0194112 12300
-0.00423218 0.00225969 0.0188094 0.0194116 12330
-0.00423021 0.0022708 0.0188089 0.019412 12360
-0.00422821 0.00228191 0.0188085 0.0194125 12390
-0.00422618 0.00229302 0.018808 0.0194129 12420
-0.00422413 0.00230413 0.0188076 0.0194133 12450
-0.00422205 0.00231525 0.0188071 0.0194138 12480
-0.00421994 0.00232637 0.0188067 0.0194142 12510
-0.0042178 0.00233749 0.0188062 0.0194146 12540
-0.00421564 0.00234861 0.0188058 0.0194151 12570
-0.00421344 0.00235973 0.0188053 0.0194155 12600
-0.00421122 0.00237085 0.0188049 0.019416 12630
-0.00420897 0.00238197 0.0188045 0.0194164 12660
-0.00420669 0.0023931 0.018804 0.0194169 12690
-0.00420439 0.00240422 0.0188036 0.0194173 12720
-0.00420205 0.00241535 0.0188031 0.0194178 12750
-0.00419969 0.00242648 0.0188027 0.0194182 12780
-0.0041973 0.00243761 0.0188023 0.0194187 12810
-0.00419488 0.00244874 0.0188018 0.0194191 12840
-0.00419243 0.00245987 0.0188014 0.0194196 12870
-0.00418996 0.002471 0.0188009 0.01942 12900
-0.00418746 0.00248213 0.0188005 0.0194205 12930
-0.00418492 0.00249326 0.0188001 0.0194209 12960
-0.00418236 0.00250439 0.0187996 0.0194214 12990
-0.00417977 0.00251553 0.0187992 0.0194219 13020
-0.00417716 0.00252666 0.0187988 0.0194223 13050
-0.00417451 0.00253779 0.0187984 0.0194228 13080
-0.00417184 0.00254893 0.0187979 0.0194233 13110
-0.00416914 0.00256006 0.0187975 0.0194237 13140
-0.00416641 0.00257119 0.0187971 0.0194242 13170
-0.00416365 0.00258233 0.0187966 0.0194247 13200
-0.00416086 0.00259346 0.0187962 0.0194252 13230
-0.00415804 0.0026046 0.0187958 0.0194256 13260
-0.0041552 0.00261573 0.0187954 0.0194261 13290
-0.00415233 0.00262686 0.0187949 0.0194266 13320
-0.00414943 0.00263799 0.0187945 0.0194271 13350
-0.0041465 0.00264913 0.0187941 0.0194275 13380
-0.00414354 0.00266026 0.0187937 0.019428 13410
-0.00414055 0.00267139 0.0187933 0.0194285 13440
-0.00413754 0.00268252 0.0187928 0.019429 13470
-0.0041345 0.00269365 0.0187924 0.0194295 13500
-0.00413142 0.00270478 0.018792 0.01943 13530
-0.00412832 0.0027159 0.0187916 0.0194305 13560
-0.00412519 0.00272703 0.0187912 0.019431 13590
-0.00412204 0.00273816 0.0187908 0.0194315 13620
-0.00411885 0.00274928 0.0187904 0.019432 13650
-0.00411564 0.0027604 0.0187899 0.0194325 13680
-0.00411239 0.00277153 0.0187895 0.0194329 13710
-0.00410912 0.00278265 0.0187891 0.0194334 13740
-0.00410582 0.00279377 0.0187887 0.019434 13770
-0.00410249 0.00280489 0.0187883 0.0194345 13800
-0.00409913 0.002816 0.0187879 0.019435 13830
-0.00409575 0.00282712 0.0187875 0.0194355 13860
-0.00409233 0.00283823 0.0187871 0.019436 13890
-0.00408889 0.00284934 0.0187867 0.0194365 13920
-0.00408542 0.00286045 0.0187863 0.019437 13950
-0.00408192 0.00287156 0.0187859 0.0194375 13980
-0.00407839 0.00288267 0.0187855 0.019438 14010
-0.00407483 0.00289377 0.0187851 0.0194385 14040
-0.00407124 0.00290487 0.0187847 0.0194391 14070
-0.00406763 0.00291597 0.0187843 0.0194396 14100
-0.00406398 0.00292707 0.0187839 0.0194401 14130
-0.00406031 0.00293816 0.0187835 0.0194406 14160
-0.00405661 0.00294926 0.0187831 0.0194411 14190
-0.00405288 0.00296035 0.0187827 0.0194417 14220
-0.00404912 0.00297143 0.0187823 0.0194422 14250
-0.00404533 0.00298252 0.0187819 0.0194427 14280
-0.00404152 0.0029936 0.0187815 0.0194433 14310
-0.00403767 0.00300468 0.0187811 0.0194438 14340
-0.0040338 0.00301576 0.0187807 0.0194443 14370
-0.00402989 0.00302683 0.0187803 0.0194449 14400
-0.00402596 0.0030379 0.0187799 0.0194454 14430
-0.004022 0.00304897 0.0187795 0.0194459 14460
-0.00401801 0.00306004 0.0187792 0.0194465 14490
-0.004014 0.0030711 0.0187788 0.019447 14520
-0.00400995 0.00308216 0.0187784 0.0194475 14550
-0.00400587 0.00309321 0.018778 0.0194481 14580
-0.00400177 0.00310426 0.0187776 0.0194486 14610
-0.00399764 0.00311531 0.0187772 0.0194492 14640
-0.00399348 0.00312636 0.0187769 0.0194497 14670
-0.00398929 0.0031374 0.0187765 0.0194503 14700
-0.00398507 0.00314844 0.0187761 0.0194508 14730
-0.00398082 0.00315947 0.0187757 0.0194514 14760
-0.00397654 0.0031705 0.0187753 0.0194519 14790
-0.00397224 0.00318153 0.018775 0.0194525 14820
-0.0039679 0.00319255 0.0187746 0.0194531 14850
-0.00396354 0.00320357 0.0187742 0.0194536 14880
-0.00395915 0.00321458 0.0187738 0.0194542 14910
-0.00395473 0.00322559 0.0187735 0.0194547 14940
-0.00395028 0.0032366 0.0187731 0.0194553 14970
-0.0039458 0.0032476 0.0187727 0.0194559 15000
-0.00394129 0.00325859 0.0187723 0.0194564 15030
-0.00393676 0.00326959 0.018772 0.019457 15060
-0.00393219 0.00328057 0.0187716 0.0194576 15090
-0.0039276 0.00329156 0.0187712 0.0194581 15120
-0.00392298 0.00330254 0.0187709 0.0194587 15150
-0.00391832 0.00331351 0.0187705 0.0194593 15180
-0.00391364 0.00332448 0.0187701 0.0194599 15210
-0.00390894 0.00333544 0.0187698 0.0194604 15240
-0.0039042 0.0033464 0.0187694 0.019461 15270
-0.00389943 0.00335735 0.018769 0.0194616 15300
-0.00389464 0.0033683 0.0187687 0.0194622 15330
-0.00388981 0.00337925 0.0187683 0.0194628 15360
-0.00388496 0.00339019 0.018768 0.0194634 15390
-0.00388008 0.00340112 0.0187676 0.0194639 15420
-0.00387517 0.00341205 0.0187672 0.0194645 15450
-0.00387023 0.00342297 0.0187669 0.0194651 15480
-0.00386526 0.00343388 0.0187665 0.0194657 15510
-0.00386026 0.0034448 0.0187662 0.0194663 15540
-0.00385523 0.0034557 0.0187658 0.0194669 15570
-0.00385018 0.0034666 0.0187655 0.0194675 15600
-0.0038451 0.00347749 0.0187651 0.0194681 15630
-0.00383998 0.00348838 0.0187648 0.0194687 15660
-0.00383484 0.00349926 0.0187644 0.0194693 15690
-0.00382967 0.00351014 0.0187641 0.0194699 15720
-0.00382447 0.00352101 0.0187637 0.0194705 15750
-0.00381925 0.00353187 0.0187634 0.0194711 15780
-0.00381399 0.00354273 0.018763 0.0194717 15810
-0.0038087 0.00355358 0.0187627 0.0194723 15840
-0.00380339 0.00356442 0.0187623 0.0194729 15870
-0.00379805 0.00357526 0.018762 0.0194736 15900
-0.00379268 0.00358609 0.0187616 0.0194742 15930
-0.00378728 0.00359691 0.0187613 0.0194748 15960
-0.00378185 0.00360773 0.0187609 0.0194754 15990
-0.00377639 0.00361854 0.0187606 0.019476 16020
-0.0037709 0.00362935 0.0187603 0.0194766 16050
-0.00376539 0.00364014 0.0187599 0.0194773 16080
-0.00375984 0.00365093 0.0187596 0.0194779 16110
-0.00375427 0.00366171 0.0187592 0.0194785 16140
-0.00374867 0.00367249 0.0187589 0.0194791 16170
-0.00374304 0.00368326 0.0187586 0.0194798 16200
-0.00373738 0.00369402 0.0187582 0.0194804 16230
-0.00373169 0.00370477 0.0187579 0.019481 16260
-0.00372597 0.00371552 0.0187576 0.0194816 16290
-0.00372023 0.00372626 0.0187572 0.0194823 16320
-0.00371445 0.00373699 0.0187569 0.0194829 16350
-0.00370865 0.00374771 0.0187566 0.0194835 16380
-0.00370282 0.00375843 0.0187562 0.0194842 16410
-0.00369696 0.00376913 0.0187559 0.0194848 16440
-0.00369107 0.00377983 0.0187556 0.0194855 16470
-0.00368515 0.00379053 0.0187553 0.0194861 16500
-0.00367921 0.00380121 0.0187549 0.0194868 16530
-0.00367323 0.00381189 0.0187546 0.0194874 16560
-0.00366723 0.00382255 0.0187543 0.019488 16590
-0.00366119 0.00383321 0.018754 0.0194887 16620
-0.00365513 0.00384386 0.0187536 0.0194893 16650
-0.00364904 0.0038545 0.0187533 0.01949 16680
-0.00364293 0.00386514 0.018753 0.0194907 16710
-0.00363678 0.00387576 0.0187527 0.0194913 16740
-0.0036306 0.00388638 0.0187524 0.019492 16770
-0.0036244 0.00389699 0.0187521 0.0194926 16800
-0.00361817 0.00390759 0.0187517 0.0194933 16830
-0.00361191 0.00391818 0.0187514 0.0194939 16860
-0.00360562 0.00392876 0.0187511 0.0194946 16890
-0.0035993 0.00393933 0.0187508 0.0194953 16920
-0.00359295 0.00394989 0.0187505 0.0194959 16950
-0.00358658 0.00396045 0.0187502 0.0194966 16980
-0.00358017 0.00397099 0.0187499 0.0194973 17010
-0.00357374 0.00398153 0.0187495 0.0194979 17040
-0.00356728 0.00399205 0.0187492 0.0194986 17070
-0.00356079 0.00400257 0.0187489 0.0194993 17100
-0.00355427 0.00401308 0.0187486 0.0195 17130
-0.00354772 0.00402358 0.0187483 0.0195006 17160
-0.00354115 0.00403406 0.018748 0.0195013 17190
-0.00353455 0.00404454 0.0187477 0.019502 17220
-0.00352791 0.00405501 0.0187474 0.0195027 17250
-0.00352125 0.00406547 0.0187471 0.0195034 17280
-0.00351456 0.00407592 0.0187468 0.019504 17310
-0.00350785 0.00408635 0.0187465 0.0195047 17340
-0.0035011 0.00409678 0.0187462 0.0195054 17370
-0.00349433 0.0041072 0.0187459 0.0195061 17400
-0.00348753 0.00411761 0.0187456 0.0195068 17430
-0.0034807 0.00412801 0.0187453 0.0195075 17460
-0.00347384 0.00413839 0.018745 0.0195082 17490
-0.00346695 0.00414877 0.0187447 0.0195089 17520
-0.00346003 0.00415914 0.0187444 0.0195096 17550
-0.00345309 0.00416949 0.0187441 0.0195103 17580
-0.00344612 0.00417984 0.0187438 0.019511 17610
-0.00343912 0.00419017 0.0187435 0.0195117 17640
-0.00343209 0.00420049 0.0187432 0.0195124 17670
-0.00342503 0.0042108 0.018743 0.0195131 17700
-0.00341795 0.00422111 0.0187427 0.0195138 17730
-0.00341083 0.0042314 0.0187424 0.0195145 17760
-0.00340369 0.00424168 0.0187421 0.0195152 17790
-0.00339652 0.00425194 0.0187418 0.0195159 17820
-0.00338932 0.0042622 0.0187415 0.0195166 17850
-0.0033821 0.00427244 0.0187412 0.0195173 17880
-0.00337484 0.00428268 0.018741 0.019518 17910
-0.00336756 0.0042929 0.0187407 0.0195188 17940
-0.00336025 0.00430311 0.0187404 0.0195195 17970
-0.00335291 0.00431331 0.0187401 0.0195202 18000
-0.00334554 0.0043235 0.0187398 0.0195209 18030
-0.00333815 0.00433367 0.0187396 0.0195216 18060
-0.00333073 0.00434384 0.0187393 0.0195224 18090
-0.00332328 0.00435399 0.018739 0.0195231 18120
-0.0033158 0.00436413 0.0187387 0.0195238 18150
-0.00330829 0.00437425 0.0187384 0.0195246 18180
-0.00330075 0.00438437 0.0187382 0.0195253 18210
-0.00329319 0.00439447 0.0187379 0.019526 18240
-0.0032856 0.00440456 0.0187376 0.0195267 18270
-0.00327798 0.00441464 0.0187374 0.0195275 18300
-0.00327034 0.00442471 0.0187371 0.0195282 18330
-0.00326266 0.00443476 0.0187368 0.019529 18360
-0.00325496 0.0044448 0.0187365 0.0195297 18390
-0.00324723 0.00445483 0.0187363 0.0195304 18420
-0.00323947 0.00446485 0.018736 0.0195312 18450
-0.00323168 0.00447485 0.0187357 0.0195319 18480
-0.00322387 0.00448484 0.0187355 0.0195327 18510
-0.00321603 0.00449481 0.0187352 0.0195334 18540
-0.00320816 0.00450478 0.0187349 0.0195342 18570
-0.00320026 0.00451473 0.0187347 0.0195349 18600
-0.00319234 0.00452467 0.0187344 0.0195357 18630
-0.00318439 0.00453459 0.0187342 0.0195364 18660
-0.00317641 0.0045445 0.0187339 0.0195372 18690
-0.0031684 0.0045544 0.0187336 0.0195379 18720
-0.00316036 0.00456428 0.0187334 0.0195387 18750
-0.0031523 0.00457415 0.0187331 0.0195394 18780
-0.00314421 0.00458401 0.0187329 0.0195402 18810
-0.00313609 0.00459385 0.0187326 0.019541 18840
-0.00312795 0.00460368 0.0187324 0.0195417 18870
-0.00311977 0.0046135 0.0187321 0.0195425 18900
-0.00311157 0.0046233 0.0187319 0.0195433 18930
-0.00310335 0.00463309 0.0187316 0.019544 18960
-0.00309509 0.00464286 0.0187314 0.0195448 18990
-0.00308681 0.00465262 0.0187311 0.0195456 19020
-0.0030785 0.00466236 0.0187309 0.0195464 19050
-0.00307016 0.00467209 0.0187306 0.0195471 19080
-0.00306179 0.00468181 0.0187304 0.0195479 19110
-0.0030534 0.00469151 0.0187301 0.0195487 19140
-0.00304498 0.0047012 0.0187299 0.0195495 19170
-0.00303653 0.00471087 0.0187296 0.0195502 19200
-0.00302806 0.00472053 0.0187294 0.019551 19230
-0.00301956 0.00473018 0.0187291 0.0195518 19260
-0.00301103 0.0047398 0.0187289 0.0195526 19290
-0.00300247 0.00474942 0.0187287 0.0195534 19320
-0.00299389 0.00475902 0.0187284 0.0195542 19350
-0.00298528 0.0047686 0.0187282 0.019555 19380
-0.00297664 0.00477817 0.0187279 0.0195557 19410
-0.00296798 0.00478772 0.0187277 0.0195565 19440
-0.00295929 0.00479726 0.0187275 0.0195573 19470
-0.00295057 0.00480679 0.0187272 0.0195581 19500
-0.00294182 0.00481629 0.018727 0.0195589 19530
-0.00293305 0.00482579 0.0187268 0.0195597 19560
-0.00292425 0.00483526 0.0187265 0.0195605 19590
-0.00291542 0.00484473 0.0187263 0.0195613 19620
-0.00290657 0.00485417 0.0187261 0.0195621 19650
-0.00289769 0.0048636 0.0187258 0.0195629 19680
-0.00288878 0.00487302 0.0187256 0.0195637 19710
-0.00287985 0.00488242 0.0187254 0.0195646 19740
-0.00287089 0.0048918 0.0187252 0.0195654 19770
-0.0028619 0.00490117 0.0187249 0.0195662 19800
-0.00285289 0.00491052 0.0187247 0.019567 19830
-0.00284384 0.00491985 0.0187245 0.0195678 19860
-0.00283478 0.00492917 0.0187243 0.0195686 19890
-0.00282568 0.00493847 0.018724 0.0195694 19920
-0.00281656 0.00494776 0.0187238 0.0195703 19950
-0.00280741 0.00495703 0.0187236 0.0195711 19980
-0.00279824 0.00496628 0.0187234 0.0195719 20010
-0.00278904 0.00497552 0.0187232 0.0195727 20040
-0.00277981 0.00498473 0.018723 0.0195735 20070
-0.00277056 0.00499394 0.0187227 0.0195744 20100
-0.00276128 0.00500312 0.0187225 0.0195752 20130
-0.00275197 0.00501229 0.0187223 0.019576 20160
-0.00274264 0.00502145 0.0187221 0.0195769 20190
-0.00273328 0.00503058 0.0187219 0.0195777 20220
-0.00272389 0.0050397 0.0187217 0.0195785 20250
-0.00271448 0.0050488 0.0187215 0.0195794 20280
-0.00270504 0.00505788 0.0187212 0.0195802 20310
-0.00269557 0.00506695 0.018721 0.019581 20340
-0.00268608 0.005076 0.0187208 0.0195819 20370
-0.00267657 0.00508503 0.0187206 0.0195827 20400
-0.00266702 0.00509405 0.0187204 0.0195836 20430
-0.00265745 0.00510304 0.0187202 0.0195844 20460
-0.00264786 0.00511202 0.01872 0.0195853 20490
-0.00263824 0.00512098 0.0187198 0.0195861 20520
-0.00262859 0.00512993 0.0187196 0.019587 20550
-0.00261891 0.00513885 0.0187194 0.0195878 20580
-0.00260921 0.00514776 0.0187192 0.0195887 20610
-0.00259949 0.00515665 0.018719 0.0195895 20640
-0.00258974 0.00516552 0.0187188 0.0195904 20670
-0.00257996 0.00517438 0.0187186 0.0195912 20700
-0.00257015 0.00518321 0.0187184 0.0195921 20730
-0.00256033 0.00519203 0.0187182 0.0195929 20760
-0.00255047 0.00520083 0.018718 0.0195938 20790
-0.00254059 0.00520961 0.0187178 0.0195947 20820
-0.00253068 0.00521837 0.0187176 0.0195955 20850
-0.00252075 0.00522712 0.0187174 0.0195964 20880
-0.00251079 0.00523584 0.0187172 0.0195973 20910
-0.00250081 0.00524455 0.018717 0.0195981 20940
-0.0024908 0.00525324 0.0187169 0.019599 20970
-0.00248077 0.00526191 0.0187167 0.0195999 21000
-0.00247071 0.00527056 0.0187165 0.0196008 21030
-0.00246062 0.00527919 0.0187163 0.0196016 21060
-0.00245051 0.0052878 0.0187161 0.0196025 21090
-0.00244037 0.00529639 0.0187159 0.0196034 21120
-0.00243021 0.00530497 0.0187157 0.0196043 21150
-0.00242002 0.00531352 0.0187156 0.0196052 21180
-0.00240981 0.00532206 0.0187154 0.019606 21210
-0.00239957 0.00533057 0.0187152 0.0196069 21240
-0.00238931 0.00533907 0.018715 0.0196078 21270
-0.00237902 0.00534755 0.0187148 0.0196087 21300
-0.00236871 0.005356 0.0187146 0.0196096 21330
-0.00235837 0.00536444 0.0187145 0.0196105 21360
-0.00234801 0.00537286 0.0187143 0.0196114 21390
-0.00233762 0.00538126 0.0187141 0.0196123 21420
-0.00232721 0.00538964 0.0187139 0.0196132 21450
-0.00231677 0.00539799 0.0187138 0.019614 21480
-0.0023063 0.00540633 0.0187136 0.0196149 21510
-0.00229581 0.00541465 0.0187134 0.0196158 21540
-0.0022853 0.00542295 0.0187133 0.0196167 21570
-0.00227476 0.00543123 0.0187131 0.0196177 21600
-0.0022642 0.00543949 0.0187129 0.0196186 21630
-0.00225361 0.00544772 0.0187127 0.0196195 21660
-0.002243 0.00545594 0.0187126 0.0196204 21690
-0.00223236 0.00546414 0.0187124 0.0196213 21720
-0.0022217 0.00547232 0.0187122 0.0196222 21750
-0.00221102 0.00548047 0.0187121 0.0196231 21780
-0.00220031 0.00548861 0.0187119 0.019624 21810
-0.00218957 0.00549672 0.0187118 0.0196249 21840
-0.00217881 0.00550481 0.0187116 0.0196258 21870
-0.00216803 0.00551289 0.0187114 0.0196268 21900
-0.00215722 0.00552094 0.0187113 0.0196277 21930
-0.00214639 0.00552897 0.0187111 0.0196286 21960
-0.00213553 0.00553698 0.0187109 0.0196295 21990
-0.00212465 0.00554497 0.0187108 0.0196304 22020
-0.00211374 0.00555294 0.0187106 0.0196314 22050
-0.00210281 0.00556088 0.0187105 0.0196323 22080
-0.00209186 0.00556881 0.0187103 0.0196332 22110
-0.00208088 0.00557671 0.0187102 0.0196342 22140
-0.00206988 0.00558459 0.01871 0.0196351 22170
-0.00205885 0.00559245 0.0187099 0.019636 22200
-0.0020478 0.00560029 0.0187097 0.019637 22230
-0.00203673 0.00560811 0.0187096 0.0196379 22260
-0.00202563 0.00561591 0.0187094 0.0196388 22290
-0.00201451 0.00562368 0.0187093 0.0196398 22320
-0.00200336 0.00563143 0.0187091 0.0196407 22350
-0.00199219 0.00563916 0.018709 0.0196417 22380
-0.001981 0.00564687 0.0187088 0.0196426 22410
-0.00196978 0.00565456 0.0187087 0.0196435 22440
-0.00195854 0.00566222 0.0187085 0.0196445 22470
-0.00194728 0.00566986 0.0187084 0.0196454 22500
-0.00193599 0.00567748 0.0187083 0.0196464 22530
-0.00192468 0.00568508 0.0187081 0.0196473 22560
-0.00191335 0.00569265 0.018708 0.0196483 22590
-0.00190199 0.0057002 0.0187078 0.0196492 22620
-0.00189061 0.00570773 0.0187077 0.0196502 22650
-0.0018792 0.00571524 0.0187076 0.0196512 22680
-0.00186777 0.00572273 0.0187074 0.0196521 22710
-0.00185632 0.00573019 0.0187073 0.0196531 22740
-0.00184485 0.00573763 0.0187072 0.019654 22770
-0.00183335 0.00574504 0.018707 0.019655 22800
-0.00182183 0.00575244 0.0187069 0.019656 22830
-0.00181029 0.00575981 0.0187068 0.0196569 22860
-0.00179872 0.00576715 0.0187066 0.0196579 22890
-0.00178713 0.00577448 0.0187065 0.0196589 22920
-0.00177552 0.00578178 0.0187064 0.0196598 22950
-0.00176388 0.00578906 0.0187062 0.0196608 22980
-0.00175222 0.00579631 0.0187061 0.0196618 23010
-0.00174054 0.00580354 0.018706 0.0196628 23040
-0.00172884 0.00581075 0.0187059 0.0196637 23070
-0.00171711 0.00581794 0.0187057 0.0196647 23100
-0.00170536 0.0058251 0.0187056 0.0196657 23130
-0.00169359 0.00583223 0.0187055 0.0196667 23160
-0.0016818 0.00583935 0.0187054 0.0196677 23190
-0.00166998 0.00584644 0.0187052 0.0196687 23220
-0.00165814 0.0058535 0.0187051 0.0196696 23250
-0.00164628 0.00586055 0.018705 0.0196706 23280
-0.00163439 0.00586756 0.0187049 0.0196716 23310
-0.00162249 0.00587456 0.0187048 0.0196726 23340
-0.00161056 0.00588153 0.0187047 0.0196736 23370
-0.00159861 0.00588847 0.0187045 0.0196746 23400
-0.00158663 0.0058954 0.0187044 0.0196756 23430
-0.00157464 0.00590229 0.0187043 0.0196766 23460
-0.00156262 0.00590917 0.0187042 0.0196776 23490
-0.00155058 0.00591602 0.0187041 0.0196786 23520
-0.00153852 0.00592284 0.018704 0.0196796 23550
-0.00152644 0.00592964 0.0187039 0.0196806 23580
-0.00151433 0.00593642 0.0187038 0.0196816 23610
-0.00150221 0.00594317 0.0187037 0.0196826 23640
-0.00149006 0.00594989 0.0187035 0.0196836 23670
-0.00147789 0.0059566 0.0187034 0.0196846 23700
-0.00146569 0.00596327 0.0187033 0.0196856 23730
-0.00145348 0.00596992 0.0187032 0.0196866 23760
-0.00144124 0.00597655 0.0187031 0.0196876 23790
-0.00142899 0.00598315 0.018703 0.0196887 23820
-0.00141671 0.00598973 0.0187029 0.0196897 23850
-0.00140441 0.00599628 0.0187028 0.0196907 23880
-0.00139209 0.00600281 0.0187027 0.0196917 23910
-0.00137975 0.00600931 0.0187026 0.0196927 23940
-0.00136738 0.00601579 0.0187025 0.0196938 23970
-0.001355 0.00602224 0.0187024 0.0196948 24000
-0.00134259 0.00602866 0.0187023 0.0196958 24030
-0.00133016 0.00603506 0.0187022 0.0196968 24060
-0.00131772 0.00604144 0.0187021 0.0196979 24090
-0.00130525 0.00604778 0.0187021 0.0196989 24120
-0.00129276 0.00605411 0.018702 0.0196999 24150
-0.00128024 0.00606041 0.0187019 0.019701 24180
-0.00126771 0.00606668 0.0187018 0.019702 24210
-0.00125516 0.00607292 0.0187017 0.019703 24240
-0.00124259 0.00607914 0.0187016 0.0197041 24270
-0.00122999 0.00608534 0.0187015 0.0197051 24300
-0.00121738 0.0060915 0.0187014 0.0197061 24330
-0.00120474 0.00609765 0.0187013 0.0197072 24360
-0.00119209 0.00610376 0.0187013 0.0197082 24390
-0.00117941 0.00610985 0.0187012 0.0197093 24420
-0.00116671 0.00611591 0.0187011 0.0197103 24450
-0.00115399 0.00612195 0.018701 0.0197114 24480
-0.00114126 0.00612796 0.0187009 0.0197124 24510
-0.0011285 0.00613395 0.0187009 0.0197135 24540
-0.00111572 0.0061399 0.0187008 0.0197145 24570
-0.00110292 0.00614584 0.0187007 0.0197156 24600
-0.0010901 0.00615174 0.0187006 0.0197166 24630
-0.00107727 0.00615762 0.0187005 0.0197177 24660
-0.00106441 0.00616347 0.0187005 0.0197187 24690
-0.00105153 0.00616929 0.0187004 0.0197198 24720
-0.00103863 0.00617509 0.0187003 0.0197209 24750
-0.00102571 0.00618086 0.0187002 0.0197219 24780
-0.00101278 0.00618661 0.0187002 0.019723 24810
-0.000999818 0.00619232 0.0187001 0.0197241 24840
-0.000986841 0.00619801 0.0187 0.0197251 24870
-0.000973844 0.00620367 0.0187 0.0197262 24900
-0.000960828 0.00620931 0.0186999 0.0197273 24930
-0.000947792 0.00621492 0.0186998 0.0197283 24960
-0.000934737 0.0062205 0.0186998 0.0197294 24990
-0.000921662 0.00622605 0.0186997 0.0197305 25020
-0.000908568 0.00623158 0.0186996 0.0197316 25050
-0.000895455 0.00623708 0.0186996 0.0197326 25080
-0.000882323 0.00624255 0.0186995 0.0197337 25110
-0.000869171 0.00624799 0.0186994 0.0197348 25140
-0.000856001 0.00625341 0.0186994 0.0197359 25170
-0.000842811 0.00625879 0.0186993 0.019737 25200
-0.000829603 0.00626415 0.0186993 0.019738 25230
-0.000816375 0.00626949 0.0186992 0.0197391 25260
-0.000803129 0.00627479 0.0186992 0.0197402 25290
-0.000789864 0.00628007 0.0186991 0.0197413 25320
-0.00077658 0.00628532 0.018699 0.0197424 25350
-0.000763278 0.00629054 0.018699 0.0197435 25380
-0.000749957 0.00629573 0.0186989 0.0197446 25410
-0.000736617 0.00630089 0.0186989 0.0197457 25440
-0.000723259 0.00630603 0.0186988 0.0197468 25470
-0.000709882 0.00631114 0.0186988 0.0197479 25500
-0.000696487 0.00631622 0.0186987 0.019749 25530
-0.000683074 0.00632127 0.0186987 0.0197501 25560
-0.000669643 0.00632629 0.0186986 0.0197512 25590
-0.000656193 0.00633129 0.0186986 0.0197523 25620
-0.000642725 0.00633625 0.0186985 0.0197534 25650
-0.000629239 0.00634119 0.0186985 0.0197545 25680
-0.000615735 0.0063461 0.0186985 0.0197556 25710
-0.000602213 0.00635098 0.0186984 0.0197567 25740
-0.000588674 0.00635583 0.0186984 0.0197578 25770
-0.000575116 0.00636065 0.0186983 0.019759 25800
-0.000561541 0.00636545 0.0186983 0.0197601 25830
-0.000547948 0.00637021 0.0186983 0.0197612 25860
-0.000534337 0.00637495 0.0186982 0.0197623 25890
-0.000520709 0.00637965 0.0186982 0.0197634 25920
-0.000507063 0.00638433 0.0186981 0.0197645 25950
-0.000493399 0.00638898 0.0186981 0.0197657 25980
-0.000479719 0.0063936 0.0186981 0.0197668 26010
-0.000466021 0.00639819 0.018698 0.0197679 26040
-0.000452305 0.00640275 0.018698 0.019769 26070
-0.000438573 0.00640728 0.018698 0.0197702 26100
-0.000424823 0.00641178 0.0186979 0.0197713 26130
-0.000411056 0.00641626 0.0186979 0.0197724 26160
-0.000397273 0.0064207 0.0186979 0.0197736 26190
-0.000383472 0.00642511 0.0186979 0.0197747 26220
-0.000369654 0.0064295 0.0186978 0.0197758 26250
-0.00035582 0.00643385 0.0186978 0.019777 26280
-0.000341968 0.00643818 0.0186978 0.0197781 26310
-0.0003281 0.00644247 0.0186978 0.0197793 26340
-0.000314216 0.00644674 0.0186977 0.0197804 26370
-0.000300315 0.00645097 0.0186977 0.0197815 26400
-0.000286397 0.00645518 0.0186977 0.0197827 26430
-0.000272463 0.00645935 0.0186977 0.0197838 26460
-0.000258512 0.0064635 0.0186976 0.019785 26490
-0.000244545 0.00646761 0.0186976 0.0197861 26520
-0.000230562 0.0064717 0.0186976 0.0197873 26550
-0.000216563 0.00647576 0.0186976 0.0197884 26580
-0.000202547 0.00647978 0.0186976 0.0197896 26610
-0.000188516 0.00648378 0.0186976 0.0197907 26640
-0.000174468 0.00648774 0.0186975 0.0197919 26670
-0.000160405 0.00649167 0.0186975 0.0197931 26700
-0.000146326 0.00649558 0.0186975 0.0197942 26730
-0.00013223 0.00649945 0.0186975 0.0197954 26760
-0.00011812 0.00650329 0.0186975 0.0197965 26790
-0.000103993 0.00650711 0.0186975 0.0197977 26820
-8.98508e-05 0.00651089 0.0186975 0.0197989 26850
-7.56931e-05 0.00651464 0.0186975 0.0198 26880
-6.152e-05 0.00651836 0.0186975 0.0198012 26910
-4.73314e-05 0.00652205 0.0186975 0.0198024 26940
-3.31275e-05 0.00652571 0.0186975 0.0198036 26970
-1.89083e-05 0.00652933 0.0186975 0.0198047 27000
-4.67389e-06 0.00653293 0.0186975 0.0198059 27030
9.57564e-06 0.0065365 0.0186975 0.0198071 27060
2.38403e-05 0.00654003 0.0186975 0.0198083 27090
3.81199e-05 0.00654354 0.0186975 0.0198094 27120
5.24144e-05 0.00654701 0.0186975 0.0198106 27150
6.67238e-05 0.00655045 0.0186975 0.0198118 27180
8.10481e-05 0.00655386 0.0186975 0.019813 27210
9.5387e-05 0.00655724 0.0186975 0.0198142 27240
0.000109741 0.00656059 0.0186975 0.0198154 27270
0.000124109 0.00656391 0.0186975 0.0198165 27300
0.000138492 0.00656719 0.0186975 0.0198177 27330
0.000152889 0.00657045 0.0186975 0.0198189 27360
0.0001673 0.00657367 0.0186975 0.0198201 27390
0.000181726 0.00657686 0.0186975 0.0198213 27420
0.000196167 0.00658002 0.0186975 0.0198225 27450
0.000210621 0.00658315 0.0186975 0.0198237 27480
0.00022509 0.00658624 0.0186975 0.0198249 27510
0.000239572 0.00658931 0.0186975 0.0198261 27540
0.000254069 0.00659234 0.0186976 0.0198273 27570
0.000268579 0.00659534 0.0186976 0.0198285 27600
0.000283103 0.00659831 0.0186976 0.0198297 27630
0.000297641 0.00660125 0.0186976 0.0198309 27660
0.000312193 0.00660415 0.0186976 0.0198321 27690
0.000326759 0.00660703 0.0186976 0.0198333 27720
0.000341338 0.00660987 0.0186977 0.0198346 27750
0.00035593 0.00661268 0.0186977 0.0198358 27780
0.000370536 0.00661545 0.0186977 0.019837 27810
0.000385155 0.0066182 0.0186977 0.0198382 27840
0.000399788 0.00662091 0.0186978 0.0198394 27870
0.000414433 0.00662359 0.0186978 0.0198406 27900
0.000429092 0.00662624 0.0186978 0.0198418 27930
0.000443764 0.00662886 0.0186978 0.0198431 27960
0.000458449 0.00663144 0.0186979 0.0198443 27990
0.000473147 0.00663399 0.0186979 0.0198455 28020
0.000487858 0.00663651 0.0186979 0.0198467 28050
0.000502581 0.006639 0.0186979 0.019848 28080
0.000517318 0.00664145 0.018698 0.0198492 28110
0.000532066 0.00664387 0.018698 0.0198504 28140
0.000546828 0.00664626 0.018698 0.0198517 28170
0.000561602 0.00664862 0.0186981 0.0198529 28200
0.000576388 0.00665094 0.0186981 0.0198541 28230
0.000591187 0.00665323 0.0186981 0.0198554 28260
0.000605998 0.00665549 0.0186982 0.0198566 28290
0.000620821 0.00665771 0.0186982 0.0198578 28320
0.000635656 0.00665991 0.0186982 0.0198591 28350
0.000650504 0.00666207 0.0186983 0.0198603 28380
0.000665363 0.00666419 0.0186983 0.0198616 28410
0.000680234 0.00666628 0.0186984 0.0198628 28440
0.000695118 0.00666834 0.0186984 0.0198641 28470
0.000710013 0.00667037 0.0186985 0.0198653 28500
0.000724919 0.00667237 0.0186985 0.0198666 28530
0.000739837 0.00667433 0.0186985 0.0198678 28560
0.000754767 0.00667625 0.0186986 0.0198691 28590
0.000769709 0.00667815 0.0186986 0.0198703 28620
0.000784661 0.00668001 0.0186987 0.0198716 28650
0.000799625 0.00668184 0.0186987 0.0198728 28680
0.000814601 0.00668363 0.0186988 0.0198741 28710
0.000829587 0.00668539 0.0186988 0.0198753 28740
0.000844585 0.00668712 0.0186989 0.0198766 28770
0.000859593 0.00668882 0.0186989 0.0198779 28800
0.000874613 0.00669048 0.018699 0.0198791 28830
0.000889643 0.0066921 0.018699 0.0198804 28860
0.000904684 0.0066937 0.0186991 0.0198817 28890
0.000919736 0.00669526 0.0186992 0.0198829 28920
0.000934799 0.00669678 0.0186992 0.0198842 28950
0.000949872 0.00669827 0.0186993 0.0198855 28980
0.000964956 0.00669973 0.0186993 0.0198867 29010
0.00098005 0.00670116 0.0186994 0.019888 29040
0.000995155 0.00670255 0.0186994 0.0198893 29070
0.00101027 0.00670391 0.0186995 0.0198906 29100
0.00102539 0.00670523 0.0186996 0.0198918 29130
0.00104053 0.00670652 0.0186996 0.0198931 29160
0.00105568 0.00670778 0.0186997 0.0198944 29190
0.00107083 0.006709 0.0186998 0.0198957 29220
0.001086 0.00671018 0.0186998 0.019897 29250
0.00110117 0.00671134 0.0186999 0.0198983 29280
0.00111636 0.00671246 0.0187 0.0198995 29310
0.00113155 0.00671354 0.0187 0.0199008 29340
0.00114675 0.00671459 0.0187001 0.0199021 29370
0.00116197 0.00671561 0.0187002 0.0199034 29400
0.00117719 0.00671659 0.0187002 0.0199047 29430
0.00119242 0.00671754 0.0187003 0.019906 29460
0.00120766 0.00671845 0.0187004 0.0199073 29490
0.00122291 0.00671933 0.0187005 0.0199086 29520
0.00123817 0.00672018 0.0187005 0.0199099 29550
0.00125344 0.00672099 0.0187006 0.0199112 29580
0.00126872 0.00672176 0.0187007 0.0199125 29610
0.00128401 0.00672251 0.0187008 0.0199138 29640
0.0012993 0.00672321 0.0187009 0.0199151 29670
0.00131461 0.00672389 0.0187009 0.0199164 29700
0.00132992 0.00672452 0.018701 0.0199177 29730
0.00134524 0.00672513 0.0187011 0.019919 29760
0.00136057 0.0067257 0.0187012 0.0199203 29790
0.00137591 0.00672623 0.0187013 0.0199217 29820
0.00139126 0.00672673 0.0187013 0.019923 29850
0.00140662 0.00672719 0.0187014 0.0199243 29880
0.00142198 0.00672762 0.0187015 0.0199256 29910
0.00143735 0.00672802 0.0187016 0.0199269 29940
0.00145273 0.00672838 0.0187017 0.0199282 29970
0.00146812 0.0067287 0.0187018 0.0199296 30000
0.00148351 0.00672899 0.0187019 0.0199309 30030
0.00149892 0.00672925 0.018702 0.0199322 30060
0.00151433 0.00672947 0.0187021 0.0199335 30090
0.00152975 0.00672965 0.0187022 0.0199349 30120
0.00154517 0.0067298 0.0187022 0.0199362 30150
0.00156061 0.00672992 0.0187023 0.0199375 30180
0.00157605 0.00673 0.0187024 0.0199389 30210
0.0015915 0.00673004 0.0187025 0.0199402 30240
0.00160695 0.00673005 0.0187026 0.0199415 30270
0.00162242 0.00673002 0.0187027 0.0199429 30300
0.00163789 0.00672996 0.0187028 0.0199442 30330
0.00165337 0.00672987 0.0187029 0.0199455 30360
0.00166885 0.00672974 0.018703 0.0199469 30390
0.00168434 0.00672957 0.0187031 0.0199482 30420
0.00169984 0.00672937 0.0187032 0.0199496 30450
0.00171534 0.00672913 0.0187033 0.0199509 30480
0.00173085 0.00672886 0.0187034 0.0199523 30510
0.00174637 0.00672855 0.0187036 0.0199536 30540
0.0017619 0.0067282 0.0187037 0.0199549 30570
0.00177743 0.00672782 0.0187038 0.0199563 30600
0.00179296 0.00672741 0.0187039 0.0199577 30630
0.00180851 0.00672696 0.018704 0.019959 30660
0.00182406 0.00672647 0.0187041 0.0199604 30690
0.00183961 0.00672595 0.0187042 0.0199617 30720
0.00185517 0.00672539 0.0187043 0.0199631 30750
0.00187074 0.0067248 0.0187044 0.0199644 30780
0.00188631 0.00672417 0.0187046 0.0199658 30810
0.00190189 0.0067235 0.0187047 0.0199672 30840
0.00191748 0.0067228 0.0187048 0.0199685 30870
0.00193306 0.00672207 0.0187049 0.0199699 30900
0.00194866 0.00672129 0.018705 0.0199713 30930
0.00196426 0.00672049 0.0187051 0.0199726 30960
0.00197987 0.00671964 0.0187053 0.019974 30990
0.00199548 0.00671876 0.0187054 0.0199754 31020
0.00201109 0.00671785 0.0187055 0.0199767 31050
0.00202672 0.0067169 0.0187056 0.0199781 31080
0.00204234 0.00671591 0.0187058 0.0199795 31110
0.00205797 0.00671488 0.0187059 0.0199809 31140
0.00207361 0.00671382 0.018706 0.0199822 31170
0.00208925 0.00671273 0.0187061 0.0199836 31200
0.0021049 0.0067116 0.0187063 0.019985 31230
0.00212055 0.00671043 0.0187064 0.0199864 31260
0.0021362 0.00670923 0.0187065 0.0199878 31290
0.00215186 0.00670799 0.0187066 0.0199892 31320
0.00216753 0.00670671 0.0187068 0.0199905 31350
0.00218319 0.0067054 0.0187069 0.0199919 31380
0.00219887 0.00670405 0.018707 0.0199933 31410
0.00221454 0.00670266 0.0187072 0.0199947 31440
0.00223022 0.00670124 0.0187073 0.0199961 31470
0.00224591 0.00669978 0.0187075 0.0199975 31500
0.00226159 0.00669829 0.0187076 0.0199989 31530
0.00227728 0.00669676 0.0187077 0.0200003 31560
0.00229298 0.00669519 0.0187079 0.0200017 31590
0.00230868 0.00669359 0.018708 0.0200031 31620
0.00232438 0.00669195 0.0187081 0.0200045 31650
0.00234009 0.00669028 0.0187083 0.0200059 31680
0.0023558 0.00668856 0.0187084 0.0200073 31710
0.00237151 0.00668681 0.0187086 0.0200087 31740
0.00238722 0.00668503 0.0187087 0.0200101 31770
0.00240294 0.00668321 0.0187089 0.0200115 31800
0.00241866 0.00668135 0.018709 0.0200129 31830
0.00243439 0.00667945 0.0187092 0.0200143 31860
0.00245011 0.00667752 0.0187093 0.0200158 31890
0.00246585 0.00667555 0.0187095 0.0200172 31920
0.00248158 0.00667355 0.0187096 0.0200186 31950
0.00249731 0.00667151 0.0187098 0.02002 31980
0.00251305 0.00666943 0.0187099 0.0200214 32010
0.00252879 0.00666732 0.0187101 0.0200228 32040
0.00254453 0.00666517 0.0187102 0.0200243 32070
0.00256028 0.00666298 0.0187104 0.0200257 32100
0.00257603 0.00666075 0.0187105 0.0200271 32130
0.00259177 0.00665849 0.0187107 0.0200285 32160
0.00260752 0.00665619 0.0187108 0.02003 32190
0.00262328 0.00665386 0.018711 0.0200314 32220
0.00263903 0.00665149 0.0187112 0.0200328 32250
0.00265479 0.00664908 0.0187113 0.0200343 32280
0.00267055 0.00664663 0.0187115 0.0200357 32310
0.00268631 0.00664415 0.0187116 0.0200371 32340
0.00270207 0.00664163 0.0187118 0.0200386 32370
0.00271783 0.00663907 0.018712 0.02004 32400
0.00273359 0.00663648 0.0187121 0.0200414 32430
0.00274936 0.00663385 0.0187123 0.0200429 32460
0.00276512 0.00663118 0.0187125 0.0200443 32490
0.00278089 0.00662848 0.0187126 0.0200458 32520
0.00279666 0.00662574 0.0187128 0.0200472 32550
0.00281243 0.00662296 0.018713 0.0200487 32580
0.0028282 0.00662015 0.0187132 0.0200501 32610
0.00284397 0.0066173 0.0187133 0.0200516 32640
0.00285974 0.00661441 0.0187135 0.020053 32670
0.00287551 0.00661148 0.0187137 0.0200545 32700
0.00289128 0.00660852 0.0187138 0.0200559 32730
0.00290706 0.00660552 0.018714 0.0200574 32760
0.00292283 0.00660248 0.0187142 0.0200588 32790
0.0029386 0.00659941 0.0187144 0.0200603 32820
0.00295437 0.00659629 0.0187146 0.0200618 32850
0.00297015 0.00659314 0.0187147 0.0200632 32880
0.00298592 0.00658996 0.0187149 0.0200647 32910
0.00300169 0.00658674 0.0187151 0.0200661 32940
0.00301747 0.00658348 0.0187153 0.0200676 32970
0.00303324 0.00658018 0.0187155 0.0200691 33000
0.00304901 0.00657684 0.0187156 0.0200705 33030
0.00306478 0.00657347 0.0187158 0.020072 33060
0.00308055 0.00657006 0.018716 0.0200735 33090
0.00309632 0.00656662 0.0187162 0.020075 33120
0.00311209 0.00656313 0.0187164 0.0200764 33150
0.00312786 0.00655961 0.0187166 0.0200779 33180
0.00314363 0.00655605 0.0187168 0.0200794 33210
0.00315939 0.00655246 0.018717 0.0200809 33240
0.00317516 0.00654882 0.0187172 0.0200823 33270
0.00319092 0.00654515 0.0187173 0.0200838 33300
0.00320668 0.00654145 0.0187175 0.0200853 33330
0.00322245 0.0065377 0.0187177 0.0200868 33360
0.00323821 0.00653392 0.0187179 0.0200883 33390
0.00325396 0.0065301 0.0187181 0.0200898 33420
0.00326972 0.00652624 0.0187183 0.0200913 33450
0.00328547 0.00652235 0.0187185 0.0200927 33480
0.00330123 0.00651842 0.0187187 0.0200942 33510
0.00331698 0.00651445 0.0187189 0.0200957 33540
0.00333273 0.00651044 0.0187191 0.0200972 33570
0.00334848 0.0065064 0.0187193 0.0200987 33600
0.00336422 0.00650232 0.0187195 0.0201002 33630
0.00337996 0.0064982 0.0187197 0.0201017 33660
0.0033957 0.00649404 0.0187199 0.0201032 33690
0.00341144 0.00648985 0.0187201 0.0201047 33720
0.00342718 0.00648562 0.0187203 0.0201062 33750
0.00344291 0.00648135 0.0187206 0.0201077 33780
0.00345864 0.00647704 0.0187208 0.0201092 33810
0.00347437 0.0064727 0.018721 0.0201107 33840
0.00349009 0.00646831 0.0187212 0.0201122 33870
0.00350581 0.0064639 0.0187214 0.0201138 33900
0.00352153 0.00645944 0.0187216 0.0201153 33930
0.00353725 0.00645495 0.0187218 0.0201168 33960
0.00355296 0.00645041 0.018722 0.0201183 33990
0.00356867 0.00644585 0.0187222 0.0201198 34020
0.00358437 0.00644124 0.0187225 0.0201213 34050
0.00360007 0.00643659 0.0187227 0.0201228 34080
0.00361577 0.00643191 0.0187229 0.0201244 34110
0.00363147 0.00642719 0.0187231 0.0201259 34140
0.00364716 0.00642244 0.0187233 0.0201274 34170
0.00366285 0.00641764 0.0187236 0.0201289 34200
0.00367853 0.00641281 0.0187238 0.0201305 34230
0.00369421 0.00640794 0.018724 0.020132 34260
0.00370988 0.00640303 0.0187242 0.0201335 34290
0.00372555 0.00639809 0.0187245 0.0201351 34320
0.00374122 0.00639311 0.0187247 0.0201366 34350
0.00375688 0.00638809 0.0187249 0.0201381 34380
0.00377254 0.00638303 0.0187251 0.0201397 34410
0.00378819 0.00637793 0.0187254 0.0201412 34440
0.00380384 0.0063728 0.0187256 0.0201427 34470
0.00381948 0.00636763 0.0187258 0.0201443 34500
0.00383512 0.00636242 0.018726 0.0201458 34530
0.00385076 0.00635718 0.0187263 0.0201473 34560
0.00386639 0.00635189 0.0187265 0.0201489 34590
0.00388201 0.00634657 0.0187267 0.0201504 34620
0.00389763 0.00634121 0.018727 0.020152 34650
0.00391324 0.00633582 0.0187272 0.0201535 34680
0.00392885 0.00633038 0.0187275 0.0201551 34710
0.00394445 0.00632491 0.0187277 0.0201566 34740
0.00396005 0.0063194 0.0187279 0.0201582 34770
0.00397564 0.00631386 0.0187282 0.0201597 34800
0.00399123 0.00630827 0.0187284 0.0201613 34830
0.00400681 0.00630265 0.0187287 0.0201628 34860
0.00402238 0.00629699 0.0187289 0.0201644 34890
0.00403795 0.00629129 0.0187291 0.020166 34920
0.00405351 0.00628556 0.0187294 0.0201675 34950
0.00406907 0.00627979 0.0187296 0.0201691 34980
0.00408462 0.00627398 0.0187299 0.0201706 35010
0.00410016 0.00626813 0.0187301 0.0201722 35040
0.0041157 0.00626224 0.0187304 0.0201738 35070
0.00413123 0.00625632 0.0187306 0.0201753 35100
0.00414675 0.00625036 0.0187309 0.0201769 35130
0.00416227 0.00624436 0.0187311 0.0201785 35160
0.00417778 0.00623833 0.0187314 0.0201801 35190
0.00419328 0.00623225 0.0187316 0.0201816 35220
0.00420878 0.00622614 0.0187319 0.0201832 35250
0.00422426 0.00621999 0.0187321 0.0201848 35280
0.00423975 0.00621381 0.0187324 0.0201864 35310
0.00425522 0.00620758 0.0187326 0.0201879 35340
0.00427069 0.00620132 0.0187329 0.0201895 35370
0.00428615 0.00619502 0.0187332 0.0201911 35400
0.0043016 0.00618868 0.0187334 0.0201927 35430
0.00431705 0.00618231 0.0187337 0.0201943 35460
0.00433248 0.0061759 0.0187339 0.0201959 35490
0.00434791 0.00616945 0.0187342 0.0201974 35520
0.00436334 0.00616296 0.0187345 0.020199 35550
0.00437875 0.00615643 0.0187347 0.0202006 35580
0.00439415 0.00614987 0.018735 0.0202022 35610
0.00440955 0.00614327 0.0187353 0.0202038 35640
0.00442494 0.00613663 0.0187355 0.0202054 35670
0.00444032 0.00612996 0.0187358 0.020207 35700
0.00445569 0.00612324 0.0187361 0.0202086 35730
0.00447106 0.00611649 0.0187363 0.0202102 35760
0.00448641 0.00610971 0.0187366 0.0202118 35790
0.00450176 0.00610288 0.0187369 0.0202134 35820
0.0045171 0.00609602 0.0187372 0.020215 35850
0.00453243 0.00608912 0.0187374 0.0202166 35880
0.00454775 0.00608218 0.0187377 0.0202182 35910
0.00456306 0.0060752 0.018738 0.0202198 35940
0.00457836 0.00606819 0.0187383 0.0202214 35970
0.00459365 0.00606114 0.0187385 0.020223 36000
0.00460894 0.00605405 0.0187388 0.0202247 36030
0.00462421 0.00604692 0.0187391 0.0202263 36060
0.00463948 0.00603976 0.0187394 0.0202279 36090
0.00465473 0.00603256 0.0187396 0.0202295 36120
0.00466998 0.00602532 0.0187399 0.0202311 36150
0.00468521 0.00601805 0.0187402 0.0202327 36180
0.00470044 0.00601073 0.0187405 0.0202344 36210
0.00471565 0.00600338 0.0187408 0.020236 36240
0.00473086 0.00599599 0.0187411 0.0202376 36270
0.00474605 0.00598857 0.0187414 0.0202392 36300
0.00476124 0.00598111 0.0187416 0.0202409 36330
0.00477641 0.00597361 0.0187419 0.0202425 36360
0.00479158 0.00596607 0.0187422 0.0202441 36390
0.00480673 0.00595849 0.0187425 0.0202457 36420
0.00482188 0.00595088 0.0187428 0.0202474 36450
0.00483701 0.00594323 0.0187431 0.020249 36480
0.00485213 0.00593554 0.0187434 0.0202506 36510
0.00486724 0.00592782 0.0187437 0.0202523 36540
0.00488234 0.00592006 0.018744 0.0202539 36570
0.00489743 0.00591226 0.0187443 0.0202556 36600
0.00491251 0.00590442 0.0187446 0.0202572 36630
0.00492758 0.00589655 0.0187449 0.0202588 36660
0.00494263 0.00588864 0.0187452 0.0202605 36690
0.00495768 0.00588069 0.0187455 0.0202621 36720
0.00497271 0.0058727 0.0187458 0.0202638 36750
0.00498773 0.00586468 0.0187461 0.0202654 36780
0.00500274 0.00585662 0.0187464 0.0202671 36810
0.00501774 0.00584852 0.0187467 0.0202687 36840
0.00503273 0.00584039 0.018747 0.0202704 36870
0.0050477 0.00583222 0.0187473 0.020272 36900
0.00506266 0.00582401 0.0187476 0.0202737 36930
0.00507761 0.00581576 0.0187479 0.0202753 36960
0.00509255 0.00580748 0.0187482 0.020277 36990
0.00510748 0.00579916 0.0187485 0.0202786 37020
0.00512239 0.0057908 0.0187488 0.0202803 37050
0.00513729 0.00578241 0.0187491 0.020282 37080
0.00515218 0.00577398 0.0187495 0.0202836 37110
0.00516705 0.00576551 0.0187498 0.0202853 37140
0.00518192 0.005757 0.0187501 0.020287 37170
0.00519677 0.00574846 0.0187504 0.0202886 37200
0.0052116 0.00573988 0.0187507 0.0202903 37230
0.00522643 0.00573126 0.018751 0.020292 37260
0.00524124 0.00572261 0.0187513 0.0202936 37290
0.00525604 0.00571392 0.0187517 0.0202953 37320
0.00527082 0.00570519 0.018752 0.020297 37350
0.00528559 0.00569642 0.0187523 0.0202987 37380
0.00530035 0.00568762 0.0187526 0.0203003 37410
0.00531509 0.00567878 0.0187529 0.020302 37440
0.00532982 0.00566991 0.0187533 0.0203037 37470
0.00534454 0.005661 0.0187536 0.0203054 37500
0.00535924 0.00565205 0.0187539 0.0203071 37530
0.00537393 0.00564306 0.0187542 0.0203087 37560
0.00538861 0.00563404 0.0187546 0.0203104 37590
0.00540327 0.00562498 0.0187549 0.0203121 37620
0.00541792 0.00561588 0.0187552 0.0203138 37650
0.00543255 0.00560675 0.0187556 0.0203155 37680
0.00544717 0.00559758 0.0187559 0.0203172 37710
0.00546177 0.00558837 0.0187562 0.0203189 37740
0.00547636 0.00557913 0.0187566 0.0203206 37770
0.00549093 0.00556985 0.0187569 0.0203223 37800
0.00550549 0.00556053 0.0187572 0.020324 37830
0.00552004 0.00555118 0.0187576 0.0203257 37860
0.00553457 0.00554179 0.0187579 0.0203274 37890
0.00554908 0.00553236 0.0187582 0.0203291 37920
0.00556358 0.0055229 0.0187586 0.0203308 37950
0.00557807 0.0055134 0.0187589 0.0203325 37980
0.00559254 0.00550386 0.0187593 0.0203342 38010
0.00560699 0.00549429 0.0187596 0.0203359 38040
0.00562143 0.00548468 0.0187599 0.0203376 38070
0.00563585 0.00547504 0.0187603 0.0203393 38100
0.00565026 0.00546535 0.0187606 0.020341 38130
0.00566465 0.00545564 0.018761 0.0203427 38160
0.00567903 0.00544588 0.0187613 0.0203444 38190
0.00569339 0.00543609 0.0187617 0.0203462 38220
0.00570773 0.00542626 0.018762 0.0203479 38250
0.00572206 0.0054164 0.0187624 0.0203496 38280
0.00573637 0.0054065 0.0187627 0.0203513 38310
0.00575067 0.00539656 0.0187631 0.020353 38340
0.00576495 0.00538659 0.0187634 0.0203547 38370
0.00577921 0.00537658 0.0187638 0.0203565 38400
0.00579346 0.00536653 0.0187641 0.0203582 38430
0.00580769 0.00535645 0.0187645 0.0203599 38460
0.0058219 0.00534634 0.0187648 0.0203617 38490
0.0058361 0.00533618 0.0187652 0.0203634 38520
0.00585028 0.00532599 0.0187655 0.0203651 38550
0.00586444 0.00531577 0.0187659 0.0203668 38580
0.00587858 0.0053055 0.0187663 0.0203686 38610
0.00589271 0.00529521 0.0187666 0.0203703 38640
0.00590682 0.00528487 0.018767 0.020372 38670
0.00592092 0.0052745 0.0187674 0.0203738 38700
0.00593499 0.0052641 0.0187677 0.0203755 38730
0.00594905 0.00525366 0.0187681 0.0203773 38760
0.00596309 0.00524318 0.0187684 0.020379 38790
0.00597712 0.00523266 0.0187688 0.0203807 38820
0.00599112 0.00522211 0.0187692 0.0203825 38850
0.00600511 0.00521153 0.0187695 0.0203842 38880
0.00601908 0.00520091 0.0187699 0.020386 38910
0.00603303 0.00519025 0.0187703 0.0203877 38940
0.00604697 0.00517956 0.0187707 0.0203895 38970
0.00606088 0.00516883 0.018771 0.0203912 39000
0.00607478 0.00515807 0.0187714 0.020393 39030
0.00608866 0.00514727 0.0187718 0.0203947 39060
0.00610252 0.00513643 0.0187721 0.0203965 39090
0.00611636 0.00512556 0.0187725 0.0203983 39120
0.00613019 0.00511466 0.0187729 0.0204 39150
0.00614399 0.00510372 0.0187733 0.0204018 39180
0.00615778 0.00509274 0.0187737 0.0204035 39210
0.00617154 0.00508173 0.018774 0.0204053 39240
0.00618529 0.00507068 0.0187744 0.0204071 39270
0.00619902 0.00505959 0.0187748 0.0204088 39300
0.00621273 0.00504848 0.0187752 0.0204106 39330
0.00622642 0.00503732 0.0187756 0.0204124 39360
0.00624009 0.00502613 0.0187759 0.0204141 39390
0.00625374 0.00501491 0.0187763 0.0204159 39420
0.00626737 0.00500365 0.0187767 0.0204177 39450
0.00628099 0.00499235 0.0187771 0.0204195 39480
0.00629458 0.00498102 0.0187775 0.0204212 39510
0.00630815 0.00496966 0.0187779 0.020423 39540
0.00632171 0.00495826 0.0187783 0.0204248 39570
0.00633524 0.00494682 0.0187787 0.0204266 39600
0.00634875 0.00493535 0.0187791 0.0204283 39630
0.00636224 0.00492384 0.0187794 0.0204301 39660
0.00637572 0.0049123 0.0187798 0.0204319 39690
0.00638917 0.00490073 0.0187802 0.0204337 39720
0.0064026 0.00488912 0.0187806 0.0204355 39750
0.00641601 0.00487747 0.018781 0.0204373 39780
0.0064294 0.00486579 0.0187814 0.0204391 39810
0.00644277 0.00485408 0.0187818 0.0204408 39840
0.00645612 0.00484233 0.0187822 0.0204426 39870
0.00646945 0.00483054 0.0187826 0.0204444 39900
0.00648276 0.00481872 0.018783 0.0204462 39930
0.00649605 0.00480687 0.0187834 0.020448 39960
0.00650931 0.00479498 0.0187838 0.0204498 39990
0.00652256 0.00478306 0.0187842 0.0204516 40020
0.00653578 0.0047711 0.0187846 0.0204534 40050
0.00654898 0.00475911 0.018785 0.0204552 40080
0.00656216 0.00474708 0.0187854 0.020457 40110
0.00657532 0.00473502 0.0187859 0.0204588 40140
0.00658846 0.00472293 0.0187863 0.0204606 40170
0.00660157 0.0047108 0.0187867 0.0204624 40200
0.00661467 0.00469863 0.0187871 0.0204642 40230
0.00662774 0.00468644 0.0187875 0.0204661 40260
0.00664079 0.0046742 0.0187879 0.0204679 40290
0.00665382 0.00466194 0.0187883 0.0204697 40320
0.00666682 0.00464964 0.0187887 0.0204715 40350
0.0066798 0.0046373 0.0187892 0.0204733 40380
0.00669277 0.00462493 0.0187896 0.0204751 40410
0.0067057 0.00461253 0.01879 0.0204769 40440
0.00671862 0.00460009 0.0187904 0.0204788 40470
0.00673151 0.00458762 0.0187908 0.0204806 40500
0.00674438 0.00457511 0.0187912 0.0204824 40530
0.00675723 0.00456258 0.0187917 0.0204842 40560
0.00677006 0.00455 0.0187921 0.0204861 40590
0.00678286 0.0045374 0.0187925 0.0204879 40620
0.00679564 0.00452476 0.0187929 0.0204897 40650
0.0068084 0.00451208 0.0187934 0.0204915 40680
0.00682113 0.00449937 0.0187938 0.0204934 40710
0.00683384 0.00448663 0.0187942 0.0204952 40740
0.00684653 0.00447386 0.0187946 0.020497 40770
0.00685919 0.00446105 0.0187951 0.0204989 40800
0.00687183 0.00444821 0.0187955 0.0205007 40830
0.00688444 0.00443533 0.0187959 0.0205025 40860
0.00689704 0.00442242 0.0187964 0.0205044 40890
0.0069096 0.00440948 0.0187968 0.0205062 40920
0.00692215 0.0043965 0.0187972 0.0205081 40950
0.00693467 0.00438349 0.0187977 0.0205099 40980
0.00694717 0.00437045 0.0187981 0.0205118 41010
0.00695964 0.00435737 0.0187985 0.0205136 41040
0.00697209 0.00434427 0.018799 0.0205155 41070
0.00698451 0.00433112 0.0187994 0.0205173 41100
0.00699691 0.00431795 0.0187998 0.0205192 41130
0.00700929 0.00430474 0.0188003 0.020521 41160
0.00702164 0.0042915 0.0188007 0.0205229 41190
0.00703396 0.00427822 0.0188012 0.0205247 41220
0.00704626 0.00426492 0.0188016 0.0205266 41250
0.00705854 0.00425158 0.0188021 0.0205284 41280
0.00707079 0.00423821 0.0188025 0.0205303 41310
0.00708302 0.0042248 0.0188029 0.0205321 41340
0.00709522 0.00421136 0.0188034 0.020534 41370
0.0071074 0.00419789 0.0188038 0.0205359 41400
0.00711955 0.00418439 0.0188043 0.0205377 41430
0.00713168 0.00417085 0.0188047 0.0205396 41460
0.00714378 0.00415728 0.0188052 0.0205415 41490
0.00715585 0.00414368 0.0188056 0.0205433 41520
0.0071679 0.00413005 0.0188061 0.0205452 41550
0.00717993 0.00411638 0.0188065 0.0205471 41580
0.00719192 0.00410268 0.018807 0.0205489 41610
0.0072039 0.00408895 0.0188075 0.0205508 41640
0.00721584 0.00407519 0.0188079 0.0205527 41670
0.00722776 0.00406139 0.0188084 0.0205546 41700
0.00723966 0.00404756 0.0188088 0.0205564 41730
0.00725153 0.0040337 0.0188093 0.0205583 41760
0.00726337 0.00401981 0.0188097 0.0205602 41790
0.00727519 0.00400589 0.0188102 0.0205621 41820
0.00728698 0.00399193 0.0188107 0.020564 41850
0.00729874 0.00397795 0.0188111 0.0205659 41880
0.00731048 0.00396393 0.0188116 0.0205677 41910
0.00732219 0.00394987 0.0188121 0.0205696 41940
0.00733387 0.00393579 0.0188125 0.0205715 41970
0.00734553 0.00392168 0.018813 0.0205734 42000
0.00735716 0.00390753 0.0188135 0.0205753 42030
0.00736876 0.00389335 0.0188139 0.0205772 42060
0.00738034 0.00387914 0.0188144 0.0205791 42090
0.00739188 0.0038649 0.0188149 0.020581 42120
0.00740341 0.00385063 0.0188153 0.0205829 42150
0.0074149 0.00383632 0.0188158 0.0205848 42180
0.00742637 0.00382199 0.0188163 0.0205867 42210
0.00743781 0.00380762 0.0188168 0.0205886 42240
0.00744922 0.00379322 0.0188172 0.0205905 42270
0.0074606 0.00377879 0.0188177 0.0205924 42300
0.00747196 0.00376433 0.0188182 0.0205943 42330
0.00748329 0.00374984 0.0188187 0.0205962 42360
0.00749459 0.00373532 0.0188191 0.0205981 42390
0.00750586 0.00372076 0.0188196 0.0206 42420
0.00751711 0.00370618 0.0188201 0.0206019 42450
0.00752833 0.00369156 0.0188206 0.0206038 42480
0.00753952 0.00367692 0.0188211 0.0206057 42510
0.00755068 0.00366224 0.0188216 0.0206077 42540
0.00756181 0.00364753 0.018822 0.0206096 42570
0.00757291 0.00363279 0.0188225 0.0206115 42600
0.00758399 0.00361802 0.018823 0.0206134 42630
0.00759504 0.00360322 0.0188235 0.0206153 42660
0.00760605 0.00358839 0.018824 0.0206173 42690
0.00761704 0.00357353 0.0188245 0.0206192 42720
0.007628 0.00355864 0.018825 0.0206211 42750
0.00763894 0.00354372 0.0188255 0.020623 42780
0.00764984 0.00352877 0.0188259 0.0206249 42810
0.00766071 0.00351379 0.0188264 0.0206269 42840
0.00767156 0.00349877 0.0188269 0.0206288 42870
0.00768237 0.00348373 0.0188274 0.0206307 42900
0.00769316 0.00346866 0.0188279 0.0206327 42930
0.00770392 0.00345356 0.0188284 0.0206346 42960
0.00771465 0.00343842 0.0188289 0.0206365 42990
0.00772534 0.00342326 0.0188294 0.0206385 43020
0.00773601 0.00340807 0.0188299 0.0206404 43050
0.00774665 0.00339285 0.0188304 0.0206424 43080
0.00775726 0.00337759 0.0188309 0.0206443 43110
0.00776784 0.00336231 0.0188314 0.0206462 43140
0.00777839 0.003347 0.0188319 0.0206482 43170
0.00778891 0.00333166 0.0188324 0.0206501 43200
0.0077994 0.00331629 0.0188329 0.0206521 43230
0.00780986 0.00330089 0.0188334 0.020654 43260
0.00782029 0.00328546 0.018834 0.020656 43290
0.00783068 0.00327 0.0188345 0.0206579 43320
0.00784105 0.00325452 0.018835 0.0206599 43350
0.00785139 0.003239 0.0188355 0.0206618 43380
0.0078617 0.00322345 0.018836 0.0206638 43410
0.00787197 0.00320788 0.0188365 0.0206657 43440
0.00788222 0.00319227 0.018837 0.0206677 43470
0.00789244 0.00317664 0.0188375 0.0206696 43500
0.00790262 0.00316098 0.018838 0.0206716 43530
0.00791277 0.00314529 0.0188386 0.0206736 43560
0.0079229 0.00312957 0.0188391 0.0206755 43590
0.00793299 0.00311382 0.0188396 0.0206775 43620
0.00794305 0.00309804 0.0188401 0.0206795 43650
0.00795308 0.00308223 0.0188406 0.0206814 43680
0.00796308 0.0030664 0.0188412 0.0206834 43710
0.00797304 0.00305054 0.0188417 0.0206854 43740
0.00798298 0.00303465 0.0188422 0.0206873 43770
0.00799288 0.00301873 0.0188427 0.0206893 43800
0.00800275 0.00300278 0.0188433 0.0206913 43830
0.00801259 0.0029868 0.0188438 0.0206932 43860
0.0080224 0.0029708 0.0188443 0.0206952 43890
0.00803218 0.00295477 0.0188448 0.0206972 43920
0.00804192 0.00293871 0.0188454 0.0206992 43950
0.00805164 0.00292262 0.0188459 0.0207012 43980
0.00806132 0.0029065 0.0188464 0.0207031 44010
0.00807097 0.00289036 0.018847 0.0207051 44040
0.00808058 0.00287418 0.0188475 0.0207071 44070
0.00809017 0.00285798 0.018848 0.0207091 44100
0.00809972 0.00284176 0.0188485 0.0207111 44130
0.00810924 0.0028255 0.0188491 0.0207131 44160
0.00811873 0.00280922 0.0188496 0.0207151 44190
0.00812818 0.00279291 0.0188502 0.020717 44220
0.0081376 0.00277657 0.0188507 0.020719 44250
0.00814699 0.00276021 0.0188512 0.020721 44280
0.00815635 0.00274382 0.0188518 0.020723 44310
0.00816567 0.0027274 0.0188523 0.020725 44340
0.00817496 0.00271095 0.0188529 0.020727 44370
0.00818422 0.00269448 0.0188534 0.020729 44400
0.00819344 0.00267798 0.0188539 0.020731 44430
0.00820263 0.00266145 0.0188545 0.020733 44460
0.00821179 0.00264489 0.018855 0.020735 44490
0.00822092 0.00262831 0.0188556 0.020737 44520
0.00823001 0.0026117 0.0188561 0.020739 44550
0.00823907 0.00259507 0.0188567 0.020741 44580
0.00824809 0.00257841 0.0188572 0.0207431 44610
0.00825708 0.00256172 0.0188578 0.0207451 44640
0.00826604 0.00254501 0.0188583 0.0207471 44670
0.00827496 0.00252827 0.0188589 0.0207491 44700
0.00828385 0.0025115 0.0188594 0.0207511 44730
0.00829271 0.0024947 0.01886 0.0207531 44760
0.00830153 0.00247789 0.0188605 0.0207551 44790
0.00831032 0.00246104 0.0188611 0.0207571 44820
0.00831907 0.00244417 0.0188617 0.0207592 44850
0.00832779 0.00242727 0.0188622 0.0207612 44880
0.00833648 0.00241035 0.0188628 0.0207632 44910
0.00834513 0.0023934 0.0188633 0.0207652 44940
0.00835375 0.00237642 0.0188639 0.0207673 44970
0.00836233 0.00235942 0.0188645 0.0207693 45000
0.00837088 0.00234239 0.018865 0.0207713 45030
0.00837939 0.00232534 0.0188656 0.0207733 45060
0.00838787 0.00230826 0.0188661 0.0207754 45090
0.00839631 0.00229116 0.0188667 0.0207774 45120
0.00840472 0.00227403 0.0188673 0.0207794 45150
0.0084131 0.00225688 0.0188678 0.0207815 45180
0.00842143 0.0022397 0.0188684 0.0207835 45210
0.00842974 0.00222249 0.018869 0.0207855 45240
0.00843801 0.00220526 0.0188696 0.0207876 45270
0.00844624 0.00218801 0.0188701 0.0207896 45300
0.00845444 0.00217073 0.0188707 0.0207917 45330
0.0084626 0.00215343 0.0188713 0.0207937 45360
0.00847073 0.0021361 0.0188718 0.0207957 45390
0.00847883 0.00211874 0.0188724 0.0207978 45420
0.00848688 0.00210136 0.018873 0.0207998 45450
0.00849491 0.00208396 0.0188736 0.0208019 45480
0.00850289 0.00206653 0.0188742 0.0208039 45510
0.00851084 0.00204908 0.0188747 0.020806 45540
0.00851876 0.0020316 0.0188753 0.020808 45570
0.00852664 0.0020141 0.0188759 0.0208101 45600
0.00853448 0.00199658 0.0188765 0.0208121 45630
0.00854229 0.00197903 0.0188771 0.0208142 45660
0.00855006 0.00196146 0.0188776 0.0208162 45690
0.00855779 0.00194386 0.0188782 0.0208183 45720
0.00856549 0.00192624 0.0188788 0.0208204 45750
0.00857315 0.00190859 0.0188794 0.0208224 45780
0.00858078 0.00189092 0.01888 0.0208245 45810
0.00858837 0.00187323 0.0188806 0.0208265 45840
0.00859592 0.00185551 0.0188812 0.0208286 45870
0.00860344 0.00183777 0.0188818 0.0208307 45900
0.00861092 0.00182001 0.0188823 0.0208327 45930
0.00861837 0.00180222 0.0188829 0.0208348 45960
0.00862577 0.00178441 0.0188835 0.0208369 45990
0.00863314 0.00176658 0.0188841 0.020839 46020
0.00864048 0.00174872 0.0188847 0.020841 46050
0.00864777 0.00173085 0.0188853 0.0208431 46080
0.00865503 0.00171294 0.0188859 0.0208452 46110
0.00866226 0.00169502 0.0188865 0.0208473 46140
0.00866944 0.00167707 0.0188871 0.0208493 46170
0.00867659 0.0016591 0.0188877 0.0208514 46200
0.0086837 0.0016411 0.0188883 0.0208535 46230
0.00869078 0.00162309 0.0188889 0.0208556 46260
0.00869781 0.00160505 0.0188895 0.0208577 46290
0.00870481 0.00158699 0.0188901 0.0208597 46320
0.00871178 0.0015689 0.0188907 0.0208618 46350
0.0087187 0.0015508 0.0188913 0.0208639 46380
0.00872559 0.00153267 0.0188919 0.020866 46410
0.00873244 0.00151452 0.0188925 0.0208681 46440
0.00873925 0.00149634 0.0188932 0.0208702 46470
0.00874602 0.00147815 0.0188938 0.0208723 46500
0.00875276 0.00145993 0.0188944 0.0208744 46530
0.00875946 0.00144169 0.018895 0.0208765 46560
0.00876612 0.00142343 0.0188956 0.0208786 46590
0.00877274 0.00140515 0.0188962 0.0208807 46620
0.00877932 0.00138684 0.0188968 0.0208828 46650
0.00878587 0.00136852 0.0188974 0.0208849 46680
0.00879238 0.00135017 0.0188981 0.020887 46710
0.00879885 0.0013318 0.0188987 0.0208891 46740
0.00880528 0.00131341 0.0188993 0.0208912 46770
0.00881167 0.001295 0.0188999 0.0208933 46800
0.00881802 0.00127657 0.0189005 0.0208954 46830
0.00882434 0.00125812 0.0189011 0.0208975 46860
0.00883062 0.00123964 0.0189018 0.0208996 46890
0.00883686 0.00122115 0.0189024 0.0209017 46920
0.00884306 0.00120263 0.018903 0.0209038 46950
0.00884922 0.0011841 0.0189036 0.0209059 46980
0.00885534 0.00116554 0.0189043 0.0209081 47010
0.00886142 0.00114696 0.0189049 0.0209102 47040
0.00886747 0.00112836 0.0189055 0.0209123 47070
0.00887347 0.00110974 0.0189061 0.0209144 47100
0.00887944 0.0010911 0.0189068 0.0209165 47130
0.00888537 0.00107244 0.0189074 0.0209187 47160
0.00889125 0.00105377 0.018908 0.0209208 47190
0.0088971 0.00103507 0.0189087 0.0209229 47220
0.00890291 0.00101635 0.0189093 0.020925 47250
0.00890868 0.000997606 0.0189099 0.0209272 47280
0.00891441 0.000978846 0.0189106 0.0209293 47310
0.0089201 0.000960067 0.0189112 0.0209314 47340
0.00892576 0.000941268 0.0189118 0.0209335 47370
0.00893137 0.000922449 0.0189125 0.0209357 47400
0.00893694 0.000903611 0.0189131 0.0209378 47430
0.00894247 0.000884753 0.0189138 0.0209399 47460
0.00894797 0.000865876 0.0189144 0.0209421 47490
0.00895342 0.00084698 0.018915 0.0209442 47520
0.00895883 0.000828065 0.0189157 0.0209464 47550
0.00896421 0.00080913 0.0189163 0.0209485 47580
0.00896954 0.000790177 0.018917 0.0209506 47610
0.00897483 0.000771204 0.0189176 0.0209528 47640
0.00898009 0.000752213 0.0189183 0.0209549 47670
0.0089853 0.000733203 0.0189189 0.0209571 47700
0.00899047 0.000714174 0.0189196 0.0209592 47730
0.00899561 0.000695127 0.0189202 0.0209614 47760
0.0090007 0.000676061 0.0189209 0.0209635 47790
0.00900575 0.000656977 0.0189215 0.0209657 47820
0.00901076 0.000637874 0.0189222 0.0209678 47850
0.00901573 0.000618753 0.0189228 0.02097 47880
0.00902067 0.000599614 0.0189235 0.0209721 47910
0.00902556 0.000580457 0.0189241 0.0209743 47940
0.0090304 0.000561282 0.0189248 0.0209764 47970
0.00903521 0.000542089 0.0189255 0.0209786 48000
0.00903998 0.000522878 0.0189261 0.0209808 48030
0.00904471 0.000503649 0.0189268 0.0209829 48060
0.0090494 0.000484403 0.0189274 0.0209851 48090
0.00905404 0.000465139 0.0189281 0.0209872 48120
0.00905864 0.000445858 0.0189288 0.0209894 48150
0.00906321 0.000426559 0.0189294 0.0209916 48180
0.00906773 0.000407243 0.0189301 0.0209937 48210
0.00907221 0.00038791 0.0189307 0.0209959 48240
0.00907665 0.00036856 0.0189314 0.0209981 48270
0.00908105 0.000349192 0.0189321 0.0210003 48300
0.00908541 0.000329808 0.0189327 0.0210024 48330
0.00908972 0.000310407 0.0189334 0.0210046 48360
0.009094 0.000290989 0.0189341 0.0210068 48390
0.00909823 0.000271554 0.0189348 0.021009 48420
0.00910242 0.000252103 0.0189354 0.0210111 48450
0.00910657 0.000232635 0.0189361 0.0210133 48480
0.00911068 0.000213151 0.0189368 0.0210155 48510
0.00911475 0.000193651 0.0189374 0.0210177 48540
0.00911878 0.000174134 0.0189381 0.0210199 48570
0.00912276 0.000154601 0.0189388 0.0210221 48600
0.0091267 0.000135052 0.0189395 0.0210242 48630
0.0091306 0.000115487 0.0189402 0.0210264 48660
0.00913446 9.59064e-05 0.0189408 0.0210286 48690
0.00913828 7.63098e-05 0.0189415 0.0210308 48720
0.00914205 5.66975e-05 0.0189422 0.021033 48750
0.00914578 3.70696e-05 0.0189429 0.0210352 48780
0.00914947 1.74261e-05 0.0189436 0.0210374 48810
0.00915312 -2.23283e-06 0.0189442 0.0210396 48840
0.00915672 -2.19071e-05 0.0189449 0.0210418 48870
0.00916029 -4.15966e-05 0.0189456 0.021044 48900
0.00916381 -6.13013e-05 0.0189463 0.0210462 48930
0.00916729 -8.1021e-05 0.018947 0.0210484 48960
0.00917072 -0.000100756 0.0189477 0.0210506 48990
0.00917412 -0.000120505 0.0189484 0.0210528 49020
0.00917747 -0.00014027 0.0189491 0.021055 49050
0.00918078 -0.000160049 0.0189497 0.0210572 49080
0.00918405 -0.000179843 0.0189504 0.0210594 49110
0.00918727 -0.000199651 0.0189511 0.0210616 49140
0.00919045 -0.000219474 0.0189518 0.0210638 49170
0.00919359 -0.000239311 0.0189525 0.021066 49200
0.00919668 -0.000259162 0.0189532 0.0210682 49230
0.00919974 -0.000279028 0.0189539 0.0210705 49260
0.00920275 -0.000298907 0.0189546 0.0210727 49290
0.00920571 -0.000318801 0.0189553 0.0210749 49320
0.00920864 -0.000338708 0.018956 0.0210771 49350
0.00921152 -0.000358629 0.0189567 0.0210793 49380
0.00921436 -0.000378564 0.0189574 0.0210815 49410
0.00921715 -0.000398513 0.0189581 0.0210838 49440
0.0092199 -0.000418475 0.0189588 0.021086 49470
0.00922261 -0.00043845 0.0189595 0.0210882 49500
0.00922528 -0.000458439 0.0189602 0.0210904 49530
0.0092279 -0.000478441 0.0189609 0.0210927 49560
0.00923048 -0.000498456 0.0189617 0.0210949 49590
0.00923301 -0.000518484 0.0189624 0.0210971 49620
0.00923551 -0.000538525 0.0189631 0.0210994 49650
0.00923795 -0.000558579 0.0189638 0.0211016 49680
0.00924036 -0.000578646 0.0189645 0.0211038 49710
0.00924272 -0.000598725 0.0189652 0.0211061 49740
0.00924504 -0.000618817 0.0189659 0.0211083 49770
0.00924731 -0.000638922 0.0189666 0.0211105 49800
0.00924954 -0.000659039 0.0189674 0.0211128 49830
0.00925173 -0.000679168 0.0189681 0.021115 49860
0.00925388 -0.000699309 0.0189688 0.0211172 49890
0.00925597 -0.000719462 0.0189695 0.0211195 49920
0.00925803 -0.000739628 0.0189702 0.0211217 49950
0.00926004 -0.000759805 0.0189709 0.021124 49980
0.00926201 -0.000779994 0.0189717 0.0211262 50010
0.00926393 -0.000800195 0.0189724 0.0211285 50040
0.00926581 -0.000820408 0.0189731 0.0211307 50070
0.00926765 -0.000840632 0.0189738 0.021133 50100
0.00926944 -0.000860867 0.0189746 0.0211352 50130
0.00927119 -0.000881114 0.0189753 0.0211375 50160
0.00927289 -0.000901372 0.018976 0.0211397 50190
0.00927455 -0.000921641 0.0189767 0.021142 50220
0.00927617 -0.000941921 0.0189775 0.0211442 50250
0.00927774 -0.000962213 0.0189782 0.0211465 50280
0.00927927 -0.000982515 0.0189789 0.0211488 50310
0.00928075 -0.00100283 0.0189797 0.021151 50340
0.00928219 -0.00102315 0.0189804 0.0211533 50370
0.00928358 -0.00104348 0.0189811 0.0211555 50400
0.00928493 -0.00106383 0.0189819 0.0211578 50430
0.00928624 -0.00108418 0.0189826 0.0211601 50460
0.0092875 -0.00110455 0.0189833 0.0211623 50490
0.00928871 -0.00112492 0.0189841 0.0211646 50520
0.00928988 -0.00114531 0.0189848 0.0211669 50550
0.00929101 -0.00116571 0.0189856 0.0211692 50580
0.00929209 -0.00118611 0.0189863 0.0211714 50610
0.00929313 -0.00120653 0.018987 0.0211737 50640
0.00929412 -0.00122695 0.0189878 0.021176 50670
0.00929507 -0.00124739 0.0189885 0.0211782 50700
0.00929597 -0.00126783 0.0189893 0.0211805 50730
0.00929683 -0.00128828 0.01899 0.0211828 50760
0.00929764 -0.00130874 0.0189908 0.0211851 50790
0.00929841 -0.00132922 0.0189915 0.0211874 50820
0.00929913 -0.0013497 0.0189923 0.0211896 50850
0.00929981 -0.00137019 0.018993 0.0211919 50880
0.00930044 -0.00139069 0.0189938 0.0211942 50910
0.00930103 -0.00141119 0.0189945 0.0211965 50940
0.00930157 -0.00143171 0.0189953 0.0211988 50970
0.00930207 -0.00145223 0.018996 0.0212011 51000
0.00930252 -0.00147277 0.0189968 0.0212034 51030
0.00930293 -0.00149331 0.0189975 0.0212057 51060
0.00930329 -0.00151386 0.0189983 0.021208 51090
0.00930361 -0.00153442 0.018999 0.0212102 51120
0.00930388 -0.00155498 0.0189998 0.0212125 51150
0.0093041 -0.00157556 0.0190005 0.0212148 51180
0.00930428 -0.00159614 0.0190013 0.0212171 51210
0.00930442 -0.00161673 0.0190021 0.0212194 51240
0.00930451 -0.00163733 0.0190028 0.0212217 51270
0.00930455 -0.00165793 0.0190036 0.021224 51300
0.00930455 -0.00167855 0.0190044 0.0212263 51330
0.0093045 -0.00169917 0.0190051 0.0212286 51360
0.00930441 -0.0017198 0.0190059 0.021231 51390
0.00930427 -0.00174043 0.0190067 0.0212333 51420
0.00930409 -0.00176107 0.0190074 0.0212356 51450
0.00930386 -0.00178172 0.0190082 0.0212379 51480
0.00930359 -0.00180238 0.019009 0.0212402 51510
0.00930327 -0.00182304 0.0190097 0.0212425 51540
0.0093029 -0.00184371 0.0190105 0.0212448 51570
0.00930249 -0.00186438 0.0190113 0.0212471 51600
0.00930203 -0.00188507 0.019012 0.0212494 51630
0.00930152 -0.00190576 0.0190128 0.0212518 51660
0.00930098 -0.00192645 0.0190136 0.0212541 51690
0.00930038 -0.00194715 0.0190144 0.0212564 51720
0.00929974 -0.00196786 0.0190151 0.0212587 51750
0.00929905 -0.00198857 0.0190159 0.021261 51780
0.00929832 -0.00200929 0.0190167 0.0212634 51810
0.00929754 -0.00203002 0.0190175 0.0212657 51840
0.00929671 -0.00205075 0.0190183 0.021268 51870
0.00929584 -0.00207149 0.019019 0.0212703 51900
0.00929492 -0.00209223 0.0190198 0.0212727 51930
0.00929396 -0.00211297 0.0190206 0.021275 51960
0.00929295 -0.00213373 0.0190214 0.0212773 51990
0.00929189 -0.00215449 0.0190222 0.0212797 52020
0.00929079 -0.00217525 0.019023 0.021282 52050
0.00928964 -0.00219602 0.0190238 0.0212843 52080
0.00928845 -0.00221679 0.0190245 0.0212867 52110
0.0092872 -0.00223757 0.0190253 0.021289 52140
0.00928592 -0.00225835 0.0190261 0.0212914 52170
0.00928458 -0.00227913 0.0190269 0.0212937 52200
0.0092832 -0.00229993 0.0190277 0.021296 52230
0.00928178 -0.00232072 0.0190285 0.0212984 52260
0.0092803 -0.00234152 0.0190293 0.0213007 52290
0.00927878 -0.00236233 0.0190301 0.0213031 52320
0.00927722 -0.00238313 0.0190309 0.0213054 52350
0.00927561 -0.00240395 0.0190317 0.0213078 52380
0.00927395 -0.00242476 0.0190325 0.0213101 52410
0.00927224 -0.00244558 0.0190333 0.0213125 52440
0.00927049 -0.0024664 0.0190341 0.0213148 52470
0.00926869 -0.00248723 0.0190349 0.0213172 52500
0.00926685 -0.00250806 0.0190357 0.0213195 52530
0.00926495 -0.00252889 0.0190365 0.0213219 52560
0.00926302 -0.00254973 0.0190373 0.0213242 52590
0.00926103 -0.00257057 0.0190381 0.0213266 52620
0.009259 -0.00259141 0.0190389 0.021329 52650
0.00925692 -0.00261226 0.0190397 0.0213313 52680
0.0092548 -0.00263311 0.0190405 0.0213337 52710
0.00925262 -0.00265396 0.0190413 0.021336 52740
0.0092504 -0.00267481 0.0190421 0.0213384 52770
0.00924814 -0.00269567 0.0190429 0.0213408 52800
0.00924583 -0.00271653 0.0190438 0.0213431 52830
0.00924347 -0.00273739 0.0190446 0.0213455 52860
0.00924106 -0.00275825 0.0190454 0.0213479 52890
0.00923861 -0.00277912 0.0190462 0.0213502 52920
0.00923611 -0.00279998 0.019047 0.0213526 52950
0.00923356 -0.00282085 0.0190478 0.021355 52980
0.00923097 -0.00284172 0.0190486 0.0213574 53010
0.00922833 -0.00286259 0.0190495 0.0213597 53040
0.00922564 -0.00288347 0.0190503 0.0213621 53070
0.00922291 -0.00290434 0.0190511 0.0213645 53100
0.00922013 -0.00292522 0.0190519 0.0213669 53130
0.0092173 -0.0029461 0.0190527 0.0213693 53160
0.00921442 -0.00296698 0.0190536 0.0213716 53190
0.0092115 -0.00298786 0.0190544 0.021374 53220
0.00920853 -0.00300874 0.0190552 0.0213764 53250
0.00920551 -0.00302962 0.019056 0.0213788 53280
0.00920245 -0.0030505 0.0190569 0.0213812 53310
0.00919934 -0.00307139 0.0190577 0.0213836 53340
0.00919618 -0.00309227 0.0190585 0.021386 53370
0.00919297 -0.00311315 0.0190594 0.0213884 53400
0.00918972 -0.00313404 0.0190602 0.0213907 53430
0.00918642 -0.00315492 0.019061 0.0213931 53460
0.00918308 -0.00317581 0.0190619 0.0213955 53490
0.00917968 -0.00319669 0.0190627 0.0213979 53520
0.00917624 -0.00321757 0.0190635 0.0214003 53550
0.00917275 -0.00323846 0.0190644 0.0214027 53580
0.00916922 -0.00325934 0.0190652 0.0214051 53610
0.00916563 -0.00328022 0.019066 0.0214075 53640
0.009162 -0.00330111 0.0190669 0.0214099 53670
0.00915832 -0.00332199 0.0190677 0.0214123 53700
0.0091546 -0.00334287 0.0190685 0.0214147 53730
0.00915083 -0.00336375 0.0190694 0.0214171 53760
0.00914701 -0.00338463 0.0190702 0.0214196 53790
0.00914314 -0.00340551 0.0190711 0.021422 53820
0.00913923 -0.00342638 0.0190719 0.0214244 53850
0.00913526 -0.00344726 0.0190728 0.0214268 53880
0.00913126 -0.00346813 0.0190736 0.0214292 53910
0.0091272 -0.00348901 0.0190745 0.0214316 53940
0.00912309 -0.00350988 0.0190753 0.021434 53970
0.00911894 -0.00353075 0.0190762 0.0214364 54000
0.00911474 -0.00355161 0.019077 0.0214389 54030
0.0091105 -0.00357248 0.0190779 0.0214413 54060
0.0091062 -0.00359334 0.0190787 0.0214437 54090
0.00910186 -0.0036142 0.0190796 0.0214461 54120
0.00909747 -0.00363506 0.0190804 0.0214485 54150
0.00909304 -0.00365592 0.0190813 0.021451 54180
0.00908855 -0.00367677 0.0190821 0.0214534 54210
0.00908402 -0.00369762 0.019083 0.0214558 54240
0.00907945 -0.00371847 0.0190838 0.0214582 54270
0.00907482 -0.00373932 0.0190847 0.0214607 54300
0.00907015 -0.00376016 0.0190856 0.0214631 54330
0.00906542 -0.003781 0.0190864 0.0214655 54360
0.00906065 -0.00380184 0.0190873 0.021468 54390
0.00905584 -0.00382267 0.0190881 0.0214704 54420
0.00905097 -0.0038435 0.019089 0.0214728 54450
0.00904606 -0.00386433 0.0190899 0.0214753 54480
0.0090411 -0.00388515 0.0190907 0.0214777 54510
0.0090361 -0.00390597 0.0190916 0.0214801 54540
0.00903104 -0.00392678 0.0190925 0.0214826 54570
0.00902594 -0.0039476 0.0190933 0.021485 54600
0.00902079 -0.0039684 0.0190942 0.0214875 54630
0.00901559 -0.00398921 0.0190951 0.0214899 54660
0.00901035 -0.00401001 0.0190959 0.0214924 54690
0.00900506 -0.0040308 0.0190968 0.0214948 54720
0.00899972 -0.00405159 0.0190977 0.0214973 54750
0.00899433 -0.00407238 0.0190986 0.0214997 54780
0.00898889 -0.00409316 0.0190994 0.0215022 54810
0.00898341 -0.00411394 0.0191003 0.0215046 54840
0.00897788 -0.00413471 0.0191012 0.0215071 54870
0.0089723 -0.00415547 0.0191021 0.0215095 54900
0.00896668 -0.00417623 0.0191029 0.021512 54930
0.008961 -0.00419699 0.0191038 0.0215144 54960
0.00895528 -0.00421774 0.0191047 0.0215169 54990
0.00894951 -0.00423849 0.0191056 0.0215193 55020
0.0089437 -0.00425923 0.0191065 0.0215218 55050
0.00893783 -0.00427996 0.0191074 0.0215243 55080
0.00893192 -0.00430069 0.0191082 0.0215267 55110
0.00892596 -0.00432141 0.0191091 0.0215292 55140
0.00891995 -0.00434213 0.01911 0.0215317 55170
0.0089139 -0.00436284 0.0191109 0.0215341 55200
0.0089078 -0.00438354 0.0191118 0.0215366 55230
0.00890165 -0.00440424 0.0191127 0.0215391 55260
0.00889545 -0.00442493 0.0191136 0.0215415 55290
0.0088892 -0.00444562 0.0191145 0.021544 55320
0.00888291 -0.0044663 0.0191154 0.0215465 55350
0.00887657 -0.00448697 0.0191162 0.0215489 55380
0.00887018 -0.00450764 0.0191171 0.0215514 55410
0.00886374 -0.00452829 0.019118 0.0215539 55440
0.00885726 -0.00454894 0.0191189 0.0215564 55470
0.00885073 -0.00456959 0.0191198 0.0215589 55500
0.00884415 -0.00459023 0.0191207 0.0215613 55530
0.00883752 -0.00461085 0.0191216 0.0215638 55560
0.00883085 -0.00463148 0.0191225 0.0215663 55590
0.00882413 -0.00465209 0.0191234 0.0215688 55620
0.00881736 -0.0046727 0.0191243 0.0215713 55650
0.00881054 -0.0046933 0.0191252 0.0215738 55680
0.00880367 -0.00471389 0.0191261 0.0215762 55710
0.00879676 -0.00473447 0.019127 0.0215787 55740
0.0087898 -0.00475504 0.0191279 0.0215812 55770
0.00878279 -0.00477561 0.0191289 0.0215837 55800
0.00877573 -0.00479617 0.0191298 0.0215862 55830
0.00876863 -0.00481672 0.0191307 0.0215887 55860
0.00876148 -0.00483726 0.0191316 0.0215912 55890
0.00875428 -0.00485779 0.0191325 0.0215937 55920
0.00874703 -0.00487831 0.0191334 0.0215962 55950
0.00873974 -0.00489883 0.0191343 0.0215987 55980
0.0087324 -0.00491933 0.0191352 0.0216012 56010
0.00872501 -0.00493983 0.0191361 0.0216037 56040
0.00871757 -0.00496032 0.0191371 0.0216062 56070
0.00871009 -0.00498079 0.019138 0.0216087 56100
0.00870256 -0.00500126 0.0191389 0.0216112 56130
0.00869498 -0.00502172 0.0191398 0.0216137 56160
0.00868735 -0.00504217 0.0191407 0.0216162 56190
0.00867967 -0.00506261 0.0191416 0.0216187 56220
0.00867195 -0.00508304 0.0191426 0.0216212 56250
0.00866418 -0.00510346 0.0191435 0.0216237 56280
0.00865636 -0.00512386 0.0191444 0.0216263 56310
0.0086485 -0.00514426 0.0191453 0.0216288 56340
0.00864059 -0.00516465 0.0191463 0.0216313 56370
0.00863263 -0.00518503 0.0191472 0.0216338 56400
0.00862462 -0.0052054 0.0191481 0.0216363 56430
0.00861656 -0.00522575 0.019149 0.0216388 56460
0.00860846 -0.0052461 0.01915 0.0216414 56490
0.00860031 -0.00526643 0.0191509 0.0216439 56520
0.00859211 -0.00528676 0.0191518 0.0216464 56550
0.00858387 -0.00530707 0.0191528 0.0216489 56580
0.00857557 -0.00532737 0.0191537 0.0216515 56610
0.00856723 -0.00534766 0.0191546 0.021654 56640
0.00855885 -0.00536794 0.0191556 0.0216565 56670
0.00855041 -0.00538821 0.0191565 0.021659 56700
0.00854193 -0.00540847 0.0191574 0.0216616 56730
0.0085334 -0.00542871 0.0191584 0.0216641 56760
0.00852482 -0.00544894 0.0191593 0.0216666 56790
0.0085162 -0.00546916 0.0191602 0.0216692 56820
0.00850753 -0.00548937 0.0191612 0.0216717 56850
0.00849881 -0.00550956 0.0191621 0.0216742 56880
0.00849004 -0.00552975 0.0191631 0.0216768 56910
0.00848123 -0.00554992 0.019164 0.0216793 56940
0.00847236 -0.00557008 0.019165 0.0216818 56970
0.00846346 -0.00559022 0.0191659 0.0216844 57000
0.0084545 -0.00561036 0.0191669 0.0216869 57030
0.0084455 -0.00563048 0.0191678 0.0216895 57060
0.00843645 -0.00565058 0.0191687 0.021692 57090
0.00842735 -0.00567068 0.0191697 0.0216946 57120
0.0084182 -0.00569076 0.0191706 0.0216971 57150
0.00840901 -0.00571083 0.0191716 0.0216997 57180
0.00839977 -0.00573088 0.0191725 0.0217022 57210
0.00839049 -0.00575092 0.0191735 0.0217048 57240
0.00838115 -0.00577095 0.0191745 0.0217073 57270
0.00837177 -0.00579096 0.0191754 0.0217099 57300
0.00836234 -0.00581096 0.0191764 0.0217124 57330
0.00835287 -0.00583095 0.0191773 0.021715 57360
0.00834335 -0.00585092 0.0191783 0.0217175 57390
0.00833378 -0.00587087 0.0191792 0.0217201 57420
0.00832416 -0.00589082 0.0191802 0.0217226 57450
0.0083145 -0.00591074 0.0191812 0.0217252 57480
0.00830479 -0.00593066 0.0191821 0.0217278 57510
0.00829503 -0.00595056 0.0191831 0.0217303 57540
0.00828523 -0.00597044 0.019184 0.0217329 57570
